@1stMotion
214.10307441648
225.874552643627
199.661653902404
232.015928707439
73.2288651090732
172.575261935833
65.7224630425318
20.6139061097942
330.462579077474
59.7897773539148
347.888247654675
62.751517897244
333.888083974129
122.494362793088
1.68036985009266
122.687833620681
215.779559855758
223.648409311196
212.284271885603
181.401401949157
236.071753537561
188.267658783157
337.541293731693
164.548350371251
316.250355598517
134.143439549897
30.4691172211055
166.39799191465
272.380336437303
2.05234142949377
337.54129421427
164.548346147824
0
0
~
214.107665736722
225.841441274555
199.672551394679
232.016147007685
73.1977728157326
172.608906538278
65.6611765493432
20.6616959200566
330.394988404207
59.7374466015917
347.955491917019
62.7046723868113
334.193524329193
122.25209990443
1.78432938953129
121.651396596476
215.775823487145
223.623491076511
212.25173831119
181.423300774525
236.003490420218
188.232125157934
337.562835005336
164.549379763502
316.286163086742
134.095318710444
30.7322895826568
166.307652675293
272.230158263333
1.99364128995898
337.562824533306
164.549378181566
0
0
~
214.100499290447
225.831951411331
199.803322827413
231.936009152933
73.2283561946366
172.799575654774
65.5091472850615
20.8077042953345
330.301593515191
59.6542978690786
348.019519424053
62.6532502666127
334.234792113335
122.364855215269
2.1261606849752
120.925927566914
215.738006595934
223.637944989609
212.248570020962
181.448433073698
236.005291768103
188.133255023773
337.566001971381
164.531172912863
316.300270695978
134.074811504064
30.7809213082003
166.293863385106
272.188913981546
1.93980176945758
337.566019674966
164.531178723428
0
0
~
214.142085048387
225.755212502128
199.834156239271
231.925144937898
74.617736890238
171.606949677192
68.7601242172982
19.2015984447888
330.278540205362
59.6269826171861
348.149962484912
62.5563248191599
334.175165404537
122.592723716477
2.90812216286537
120.111731264579
215.792723387326
223.584943709948
212.187934735162
181.463034515235
235.971086499281
188.098154101107
337.56608172889
164.490722568095
316.328243461406
134.04810697314
30.4267879683943
166.325472540647
272.192325862965
2.15911688518012
337.566080440498
164.490733813653
0
0
~
214.141384892977
225.726988394673
199.810703453296
231.931259100902
73.8406492085855
172.117736469971
67.1468895709453
19.8897097265486
330.166906281329
59.5349069816395
346.926765449485
63.0695014092916
334.90611581658
120.854680473972
5.09318098903088
117.772726160297
215.769618676083
223.58472873715
212.117773238059
181.480304753437
236.027762682333
188.0427857498
337.566324696195
164.485107348187
316.274604177084
134.100087964407
30.4237884591485
166.175864322315
272.212251107343
1.98623134929463
337.566336120085
164.485100493916
0
0
~
214.003673554998
225.782598441524
199.741876974025
231.965846580736
73.7304363911459
172.338045377974
66.623102560098
20.2453806390869
330.13229993651
59.5176521786661
348.008870400418
62.4351124795227
333.812939564173
122.937701328088
6.00663254455323
116.544918432906
215.629661168011
223.66058969671
212.04407310279
181.412618100087
236.035869266108
187.957146763241
337.439839138586
164.349616396633
315.984782754101
134.376427289689
30.7510013376478
165.829675529306
271.902841950309
1.72630866586424
337.439838648766
164.349620605138
0
0
~
213.958776800017
225.798246436357
199.693037341057
231.981476016189
73.5635278656686
172.458825480198
66.2008591459502
20.428470425369
330.040261015437
59.4410292504516
348.229420698067
62.3804261638811
333.691171800767
123.185975107583
6.68029585929539
115.516080313275
215.617626381006
223.634240140535
211.999939469006
181.425527854175
236.029186622988
187.927498570237
337.437422767249
164.340886820646
316.00399985439
134.349275548259
30.9062896641543
165.642519632361
271.895276686063
1.85169993914837
337.437411848403
164.340889475192
0
0
~
213.950596546051
225.78262177437
199.69690944172
231.979317355263
73.5987066441825
172.491717902267
66.1482481277966
20.4647199553276
330.019122036842
59.4192716476537
346.368707113987
63.5800444683725
335.270893303084
119.909853132632
6.78349739010966
114.938674956098
215.660011354958
223.555455914389
211.981444564839
181.479733715874
236.117163804231
187.878893967724
337.563987974777
164.42726508767
316.035169778616
134.321046969463
31.117862900857
165.623581706865
271.883070389056
1.8620275983084
337.563987490968
164.42726929202
0
0
~
213.945923701073
225.768891282328
199.680089307228
231.98482013148
73.6387664959351
172.530600371702
66.1357929307573
20.4953414286189
329.993881914794
59.3895176021238
345.579376609583
64.0894934535367
335.964018705956
118.665828100357
4.0500923726544
116.642659710997
215.644121822738
223.530116705186
211.988204717932
181.47766417952
236.077479663944
187.899575089665
337.558277397622
164.392887235366
316.049357541376
134.297937746955
31.1370024009795
165.655109543536
271.869915378728
1.67680799617302
337.558277882304
164.392883034373
0
0
~
213.958992257031
225.738109464636
199.644385991526
232.014689140294
73.668971180038
172.417933015211
66.4255770824756
20.1443580403096
330.009152654676
59.4048883424504
345.579413529429
64.1309422784819
336.213390509228
118.66357591214
6.09994692964576
115.51195347628
215.64671135105
223.513494341467
211.984922855538
181.464205814825
236.003804472219
187.891811198613
337.539048710756
164.385469672577
316.076798456359
134.269510555035
31.234602819665
165.68937572147
271.844389558459
1.66349169579607
337.539021944332
164.385451028909
0
0
~
213.953632390678
225.724229491404
199.624993035776
232.021056238203
73.7143095231906
172.555566073941
66.5269606988738
20.0566548532364
330.048413248743
59.441008532799
345.575958690405
64.1673335387728
336.079766980028
118.76939080827
4.82973472328759
115.822146559046
215.597957741312
223.562146121233
211.934858753575
181.399937989561
235.974131382886
187.853210232904
337.549692263134
164.373202885053
316.067051425234
134.273602885504
31.7688191847716
165.448337181834
271.57847867585
1.38743131243181
337.549703168769
164.373200243919
0
0
~
213.926942967777
225.719846014277
199.617684785903
232.009988034688
73.7125136356763
172.676241915292
66.2900192886102
20.2442381952478
330.084726598716
59.4803634953656
345.574663090668
64.1903431766903
335.90120979617
118.895376015012
2.72140718363387
116.775978373571
215.615401954596
223.48298996477
211.932761579711
181.427992084797
235.955519367299
187.84070558246
337.547205891283
164.369540097476
316.10506598651
134.228926259472
31.928532975759
165.477610234023
271.388251567569
1.29004805993696
337.547178338495
164.369528446304
0
0
~
213.860007740959
225.749816315319
199.624959433022
232.004090030375
73.7422126951234
172.71470931349
66.4454649365691
20.1279113138111
330.102236424898
59.498316305644
345.579560193916
64.2174659331137
335.882184299109
118.936864629046
2.52574366061359
116.753229505511
215.601232804672
223.453088971308
211.936074624146
181.347331171483
235.815899240833
188.036051068247
337.546038950278
164.349996603393
316.099001258124
134.233433670919
32.0151932206969
165.515847427027
271.35665445511
1.26175408437358
337.546050658047
164.349986970509
0
0
~
213.855572368408
225.739768091405
199.593236693877
232.024145560007
73.7456377221935
172.755406701894
66.3175579134017
20.2031466332501
330.152385008329
59.5436201561623
345.576151079395
64.2425930461824
335.807942646037
119.192314302239
5.59601099768963
115.125168829479
215.616872429669
223.404376072479
211.884511718449
181.358646106357
235.756935885496
188.058913779718
337.548086315623
164.342584607706
316.11451078897
134.2087062184
32.0173192074641
165.560337919271
271.592920939903
178.412971783984
337.548087286734
164.34257622324
0
0
~
213.861002654911
225.736969839913
199.833981386432
231.835645160128
73.9429408287716
173.131319466881
66.2107360544303
20.3657929326345
330.14043011839
59.5297255985201
345.575366023261
64.2624077334235
335.757973601328
119.444241424871
7.40904217955447
114.377608284615
215.645119249465
223.413231276838
211.863904948905
181.341519199153
235.733384110936
188.078193672633
337.55098760722
164.336444072605
316.12945275566
134.198552912397
32.1777258010653
165.537334257641
271.53356971849
178.471138736566
337.550987121842
164.336448262184
0
0
~
213.880532338906
225.707164338691
199.812179642706
231.847528355817
73.9380663088795
173.148086931565
66.5945266146487
20.099147034434
330.159680736673
59.5516184682747
345.575269266337
64.2703593449489
335.710605294116
119.442573304037
6.09192117485835
114.65979111811
215.653300718926
223.383097044537
211.859774734314
181.352414715002
235.733474672745
188.082672351293
337.575283892097
164.342645931607
316.146542655319
134.175099259727
32.2161908005348
165.548242897052
271.320769395757
1.29531653931419
337.575291068442
164.342650293439
0
0
~
213.904549168976
225.673841332153
199.792849418556
231.872146153913
73.9198281565018
173.109215222225
66.6322954838914
19.9783920290933
330.186336982131
59.5727978177273
345.571506213339
64.2896582770204
335.750164954468
119.423263110378
4.8227027412734
116.027372947321
215.662243320519
223.364003335871
211.864961947061
181.333409728475
235.685570284357
188.148761442519
337.574918908655
164.33095292558
316.142712375742
134.178996230386
32.2244275113002
165.548597566458
271.38470741421
1.28653012372018
337.574913675385
164.330931810851
0
0
~
213.922258930899
225.64448732769
199.702208881579
231.938714051606
73.857177170187
173.112355736922
66.3958184141865
20.1134073869311
330.193335480064
59.5780732818669
345.574818673297
64.3067154025828
335.686115362309
119.498613540375
4.79765386281783
116.388073807665
215.664374510823
223.364799651053
211.877024050648
181.320131640251
235.809662648618
188.221909304926
337.571268887462
164.321483524443
316.155184213078
134.16949832345
32.2447665410765
165.558079916357
271.384737138408
1.28625835023519
337.571280891365
164.321471126724
0
0
~
213.941361454803
225.615785856728
199.67430806864
231.953823336804
73.8694016103177
173.100254445647
66.2673736559766
20.1505438669193
330.1748905526
59.5599618229257
345.580357463267
64.3286654221973
335.8622996591
119.448858743804
7.23781242991002
115.834965191441
215.651578670427
223.368734096089
211.87530154168
181.320529680521
235.810523096734
188.233857638725
337.572781438925
164.309979362471
316.155138581235
134.168962052823
32.252396033784
165.560508321843
271.368106553821
1.33929068209504
337.572770891161
164.309979209812
0
0
~
213.939932330494
225.596903377972
199.642491974321
231.97227748673
73.8975735339916
173.120838184552
66.2091580343972
20.2199501177475
330.195304539501
59.5711099909285
345.561879488374
64.5479170680467
335.813426456287
119.453973646166
5.64000084568973
115.756906733159
215.546403394682
223.514642989246
211.874508450631
181.224681872585
235.895687904706
188.200573727518
337.577526701221
164.278146971538
316.082129345958
134.245005374653
32.3276897661853
165.470084114572
271.263183680278
1.23909515342904
337.577509639153
164.278136836155
0
0
~
213.995160585371
225.545893031698
199.640242200566
231.971907264274
73.9501413923883
173.162707131913
66.1174596463264
20.2872180423368
330.187151317414
59.5600823997
345.463940848507
64.7071044422046
335.967404812366
119.1937688313
4.58708210003674
117.011760257146
215.58106466098
223.458739100986
211.868025249301
181.228652572742
235.897314856584
188.260299314753
337.552208947753
164.275104768973
316.08663504558
134.241002575483
32.3411441996901
165.485712348683
271.345451072863
1.3286470571934
337.552207975361
164.275113128316
0
0
~
213.985052286403
225.539583783221
199.650507959208
231.964183617793
73.947013122717
173.200955128136
66.0080926965271
20.3733879969525
330.179983756674
59.5615255083427
345.406588797808
64.8893918125989
336.213281015496
118.933049843879
3.6307325446225
118.195843351297
215.612508025163
223.424936469882
211.858327974088
181.218228551104
235.816819096419
188.308665485408
337.592543571174
164.278974286922
316.101631810619
134.229165078606
32.3712823169924
165.527208138903
271.589475542484
178.410659754102
337.592526377078
164.278965554527
0
0
~
213.979645341074
225.537337927385
199.626175688717
231.964809044247
73.9740377364974
173.239196708842
65.946641209875
20.4372043510457
330.113533003541
59.5058370916889
345.563982129572
64.7229423448309
336.118072315386
119.141902303957
3.64366175754885
118.325674008222
215.611541866392
223.454161183895
211.829588552353
181.228714739276
235.812969724072
188.307773481618
337.589848003411
164.28047094205
316.149381198646
134.191180198639
32.4139589354076
165.546288682744
271.568813557268
178.434417820144
337.589875396979
164.280482601823
0
0
~
213.961647507887
225.539866340929
199.625025089435
231.978591968823
74.015679852976
173.069190218284
66.1682649057522
20.2693325243631
330.084142110949
59.4843646363126
345.722506457413
64.6002489508803
335.828275027354
119.467369017854
4.00701086590017
118.559743030268
215.602511026406
223.459022841205
211.828375858016
181.247439636867
235.864236519376
188.283449512422
337.584167507693
164.283137911345
316.143675167051
134.195952012117
32.4077391016414
165.605021020977
271.395958621094
1.31370156624919
337.584166538994
164.283146256612
0
0
~
213.946713358218
225.529388366743
199.586868358811
232.013863469307
74.0297598309485
173.054504119275
66.2000451431095
20.2517485969479
330.01508945539
59.428453396189
345.487164991748
64.6247730371056
335.624864122409
119.4893643173
3.72564932067466
117.865683633267
215.573188364692
223.46354979938
211.842474511624
181.282904023398
235.924414666413
188.232175940984
337.579470719781
164.279720266861
316.104567263414
134.240997178238
32.4308764220063
165.560440428705
271.576243919616
178.439883342012
337.57948059167
164.279725976789
0
0
~
213.992751650111
225.488754754187
199.654042254914
231.937362237654
74.0478568210613
173.049188211663
66.6729062635988
19.8396636501544
329.887251524014
59.3148926216939
345.389080427843
64.501482606694
335.611763851356
119.464567073887
2.42166509550348
118.180920358798
215.544527871373
223.486452979439
211.844450030694
181.280085180521
235.915010279976
188.184349643773
337.578367240508
164.283569194281
316.105923736098
134.241380247518
32.4444540591995
165.582767228231
271.587183431918
178.41842613319
337.578372605797
164.283588876284
0
0
~
214.043137318359
225.377129514546
199.613836984677
232.005659436281
74.0226638687649
173.095569587347
66.7073856137032
19.6092908892456
329.846322611096
59.2895727331023
348.002472963642
63.5786612573366
333.884917318921
122.571879498367
3.5253442898124
117.776904387888
215.572014923077
223.42199080298
211.857396804021
181.303633255031
235.894774562791
188.192086471336
337.569922686706
164.27033272672
316.122273796132
134.228756251386
32.4455643886856
165.607095901981
271.604501212807
1.33645268183232
337.569929992353
164.270335738118
0
0
~
214.03153599153
225.328898007563
199.631139573779
232.003706381629
74.0099583610946
173.102336102479
66.7841759946048
19.5710431112037
329.719731534093
59.1882977408034
348.312582239408
63.0319425629896
333.777776242825
123.346835405505
6.09268674834075
116.397824187304
215.555330111947
223.411981405988
211.865840404051
181.342247657801
235.928064216672
188.17578016313
337.561305980268
164.259921810267
316.111926119143
134.242008462669
32.4305587417276
165.614575459352
271.518634195466
1.39724175660981
337.561277500691
164.259919886854
0
0
~
214.204473776596
225.008736339375
199.559963189427
232.05074167762
76.178896533545
170.675540415851
73.0781681995276
16.2146669069482
329.559655156272
59.0783654805987
348.599557150943
62.5902973188987
333.589515452191
124.126835150915
6.97797468764457
115.871013428582
215.538468265724
223.427062999844
211.865560533475
181.343693768645
235.829881894554
188.134781280617
337.538651515028
164.250769323535
316.097824122318
134.270297957731
32.4648225283366
165.597632682882
271.722645582656
1.71935581082074
337.538668526013
164.250779429513
0
0
~
214.494245390196
224.549085618023
199.556336085975
232.060639698468
75.9973108973888
171.216945596414
72.4793257490301
16.5562637985482
329.326638382466
58.9045071156061
348.573578584945
62.3941917848436
333.562086799777
124.407178075906
6.60849476844776
115.873864542353
215.517483988321
223.455947082083
211.854936229827
181.341874671813
235.817910521628
188.131328054123
337.496823249263
164.2374669505
316.124419193437
134.25716691983
32.490110457132
165.598401090017
271.600464226835
1.55201493762129
337.496823735769
164.237462790069
0
0
~
214.933246788662
223.953887405007
199.566465737456
232.058730926181
76.0309243058978
171.211092340765
72.4524041415207
16.5886268951663
329.008718594397
58.6516298607053
348.542066628629
62.3443158781544
333.30137339199
124.758852040304
7.47010649420777
115.534463635098
215.527453232507
223.445551227215
211.849263134953
181.333627518075
235.756087192426
188.10590978047
337.470733921635
164.249636339132
316.152709361696
134.234307943453
32.5102479102262
165.61504797749
271.665501026014
1.66545736164941
337.470722954657
164.24964035657
0
0
~
215.108788991843
223.589787804261
199.643239408526
232.00190660192
76.2613839927
171.142502282317
72.7838918818305
16.4363835124961
328.768785675979
58.4670383847721
347.621079680324
63.6425371544013
333.410855748842
122.913281433944
8.99570584229192
114.731081204826
215.532371732939
223.444580262599
211.867147050817
181.305937414558
235.734927136722
188.15088776217
337.436841706676
164.246247581699
316.246300902964
134.154195704545
30.3938663035671
166.170855515317
272.255420924624
1.99531189168458
337.436887430423
164.246258191674
0
0
~
215.240688274536
223.286301149283
199.655876989686
231.972331082656
76.3044953308283
171.196466396948
72.4567267360754
16.6959150006803
328.497670764184
58.2507712814196
347.640262628237
63.8818174002675
333.332091130276
122.764559059001
9.85878952537375
114.427716634945
215.537615584599
223.446347637314
211.877066148539
181.315507598807
235.690513092279
188.127596877239
337.40361687415
164.261673570627
316.316187717699
134.112540628083
29.8563512577888
166.393006405679
272.523840777893
2.18286558646992
337.403622833246
164.261689038514
0
0
~
215.250209079876
223.114395779746
199.695933323753
231.899985986253
76.4085998109732
171.208225259847
72.5151408259106
16.6628497503167
328.365214125285
58.1521811006456
347.681070328383
64.0142402046713
332.726101121076
123.359249503865
10.3622529105561
112.96456334546
215.504445393027
223.451159384876
211.853906535555
181.27628257966
235.629881154332
188.099538780261
337.36196986188
164.256973646504
316.37142080716
134.065392351078
29.6118468605662
166.468597246023
272.600291156273
2.21827476697483
337.36195390543
164.256953894537
0
0
~
215.315024386302
222.942828808287
199.739765733066
231.871374106292
76.4225993711081
171.17787199623
72.465026270875
16.7056717913185
328.269670666975
58.0780587571026
348.235122112492
63.0225976818783
332.190314074072
125.213427450119
11.1641777504898
112.963985105994
215.4487360245
223.474933800295
211.899639888076
181.229342438554
235.758027551408
188.193727089226
337.363437025255
164.25664689323
316.399178148638
134.03985274121
29.4622905441813
166.441277024501
272.586538759601
2.22791704566102
337.363409649042
164.256635316633
0
0
~
215.3589436271
222.850521932734
199.774523861272
231.832827937293
76.4477520323355
171.217575940348
72.1477361557536
16.9639182800736
328.186091422393
58.0047245061425
348.366657949841
62.7610955052991
332.058612092
125.508130394316
10.4358110270259
113.754142329494
215.435665990227
223.469065857949
211.919424251535
181.206334664234
235.673295582415
188.218932792956
337.353042763377
164.247983331725
316.451288859141
133.992019371539
29.6295352143281
166.103294579152
272.385013669305
1.9692953347928
337.353043739863
164.247975034242
0
0
~
215.371886222089
222.788763624382
199.821922423344
231.80144679678
76.031239934309
171.432933086232
71.169970557086
17.4037580126701
328.150990340088
57.9759855393461
320.961551361856
50.6231994599906
353.657664941285
96.7445369157638
11.1030677225327
113.764534994839
215.402595573881
223.46831933396
211.914907219166
181.255319885653
235.756563670107
188.113410444853
337.331250760933
164.242519860545
316.467730758061
133.975455333773
29.704134703494
166.007570775523
272.255198124093
1.89721079882189
337.331278451895
164.242528664525
0
0
~
215.414193768769
222.705306052815
199.824814291793
231.797387723823
76.2934413387342
171.216554559204
71.9582544177184
16.9704662142029
328.15322611934
57.9777109289721
320.682364643557
50.4395040162133
353.755558902685
96.487739748995
11.7508090534324
113.977769701754
215.394665470571
223.461835875882
211.923610664318
181.231672707518
235.716343475802
188.150610763839
337.322403586268
164.215153462989
316.538951504937
133.910439821647
29.6597120166289
165.913580399795
272.238505399633
2.0176104641832
337.322397257131
164.21514075824
0
0
~
215.444667127289
222.645206392744
199.809005143754
231.79628219827
76.3510220298441
171.2270254293
71.8991656027652
17.0475297012033
327.969252337123
57.8142314795898
302.388084988989
151.45413185204
5.26182805320859
77.1096336110158
11.4252258603808
113.935006588413
215.371998472168
223.431242109832
211.934918848774
181.251364151271
235.712511563652
188.195260204363
337.33022992143
164.230661246424
316.552355335855
133.892647400565
29.5547005278556
165.921384706353
272.538374565089
1.72258428148253
337.33023089937
164.230652955486
0
0
~
215.516349829267
222.552239156959
199.827885414254
231.7633431001
76.3407376266081
171.273351132432
71.7227803331
17.1637445028316
327.903752302258
57.7536998721391
302.168557847127
151.649520896695
5.37155567522948
77.0010183661513
9.81163625484604
114.028973401862
215.377038098366
223.415720361469
211.959716734794
181.271219009941
235.749442476335
188.242210377088
337.304023261452
164.223733610072
316.554507264593
133.892896948655
29.606240889689
165.820520438481
272.340059162871
1.82921521405457
337.304022935122
164.223736371863
0
0
~
215.518482766441
222.546602987431
199.766348788447
231.798696670252
76.3704261374695
171.135397987911
71.8630272798524
17.1093690147916
327.884704527479
57.7352487570432
302.04370648106
151.58891349068
5.4012941167215
77.2072500002966
9.71240914635615
114.012080938829
215.350015539563
223.4568250076
211.97589629554
181.228372808766
235.725811254888
188.289787792908
337.307277178041
164.217967484001
316.571435988263
133.879668304893
29.7496255280885
165.784849640682
272.33836255506
1.79137901250816
337.307305180376
164.217973529767
0
0
~
215.503175359551
222.557433739493
199.812927783419
231.756917787628
76.4672097563797
171.11194453907
72.0651518567044
16.950608472532
327.813232150418
57.6703318507443
314.45752227884
135.557779513653
358.569841476599
86.9278899376825
10.1839299611791
113.759726898567
215.304453670102
223.491915299418
211.996878846061
181.193080918938
235.713606734017
188.302205748233
337.308241557998
164.226170887527
316.551205239719
133.904905134347
29.7717143398663
165.739406716672
272.343213691276
1.77902455753815
337.30826791368
164.226190722605
0
0
~
215.514795760978
222.548566934205
199.866224434319
231.715350533971
74.2707353551078
173.323365866546
66.332429582932
19.6260897155266
327.849011068163
57.6954518687201
318.76303986265
48.7499868056845
355.382705722699
85.2405906547223
9.61576393911729
114.265799995677
215.293795383216
223.453407660843
212.015135835288
181.211649819339
235.689507299785
188.29924045021
337.308487212303
164.183740306188
316.568063554748
133.885552432121
29.4836115114293
165.735886785816
272.488881294065
1.75525174170674
337.308488028828
164.183733412687
0
0
~
215.486525377267
222.577498232633
199.920164712783
231.672465336542
74.3078711423694
173.27852773845
67.0339307313325
19.111342890475
327.879711974924
57.7213908357111
299.939635563546
154.64358652778
5.75770209339003
76.7043572349551
9.37182267958395
114.642235576429
215.280756255901
223.382206511204
212.076010407934
181.189877549804
235.561088016863
188.390885769944
337.320793833727
164.170357322128
316.589772069511
133.858801417305
29.2541724348774
165.681954778032
272.550008940384
1.60109895733962
337.320776300968
164.170351380469
0
0
~
215.461158495841
222.613248718029
200.120323218909
231.516659240398
74.6023153271509
173.534405291584
67.2952800384616
19.1483538840186
327.913012382557
57.7496527879288
302.575883593942
150.621875930378
4.7229401224201
77.951888896412
8.96883150810345
115.769274794491
215.254305213072
223.370673644551
212.086065377377
181.175460762459
235.561536736371
188.430304304708
337.305117442322
164.159959099829
316.548146434394
133.898870347385
29.1182710195761
165.598629337947
272.496640535227
1.59973422645885
337.305128822256
164.159950962199
0
0
~
215.472193522372
222.598403407325
200.034691036709
231.561069858067
74.5995715027714
173.451793539575
67.8481653561848
18.7157054598917
327.937794241268
57.7738151383241
302.978639554821
150.020736328864
4.43350157384161
78.1521986184563
9.79549820161317
116.035591011292
215.244839648596
223.356530223507
212.086722853699
181.183079039341
235.555193822917
188.447472209895
337.304243189676
164.161629603198
316.543238833662
133.899773717002
29.0474032763441
165.623444359333
272.586200293571
1.56748134459717
337.304225666785
164.161623663996
0
0
~
215.38405813943
222.681955113691
200.055017291315
231.521155783662
74.4550244373696
173.72557216034
67.6323169200586
18.8155346892587
327.955688315559
57.7922080679453
298.319466842418
157.95360154388
5.92248030971021
75.887521189714
10.1006728074379
116.347855637429
215.214550652436
223.302199343651
212.117530892077
181.248598134862
235.609522049478
188.468293041742
337.298414935797
164.164550942017
316.518699901584
133.921055304234
28.8582376478728
165.578654603442
272.573781561156
1.53920274721544
337.298403243281
164.164561820798
0
0
~
215.389686341477
222.675231414792
200.005524286531
231.57876981603
74.4276932242108
173.598953176931
67.895255823665
18.5030500380234
327.942364047732
57.7829274938269
324.215495457218
53.8233723976033
350.156953485476
100.103014774381
9.84249521932636
116.555536096451
215.169758512684
223.300529280327
212.12588518841
181.282562332964
235.720248750181
188.485700370331
337.29564103193
164.17974254936
316.507044093345
133.926710796603
28.8478594213663
165.579421004411
272.682712010155
1.51929990337525
337.295614118722
164.179728258729
0
0
~
215.251671879842
222.838136564273
200.005983087801
231.572565382405
74.2556258208359
173.413072258032
68.3719459090063
17.9337072039297
328.011143938345
57.8414792820035
304.888679410796
147.224646233611
3.48705439855312
79.3974622837617
9.92443158299473
116.489692626733
215.165170834668
223.275805412118
212.127924459442
181.261632961683
235.623660725932
188.532500812826
337.296562425571
164.164151302157
316.485851742741
133.945380950142
28.8024910977596
165.61026773268
272.833667751308
1.44743531569076
337.296574104967
164.164140435463
0
0
~
215.218920220596
222.862776108489
200.016152920654
231.561078950701
74.2753769058677
173.416150333953
68.3675838679286
17.8768214849083
328.029095421889
57.8583466875708
304.804996150215
147.310246420996
3.50094998499528
79.4135682809574
10.043795823662
116.620208045497
215.130432933349
223.295530304883
212.131404689205
181.264968597944
235.682038736175
188.475671326622
337.294038109371
164.157328983349
316.427784906307
134.009434232226
28.7999406634475
165.557811122927
272.736827294167
1.50473064440147
337.294011718177
164.157310577678
0
0
~
215.136737914211
222.951658140196
199.96228422118
231.571610058607
74.2976311478586
173.425645622036
68.5580313875892
17.7206532568853
328.07548069915
57.8992943189062
304.836893356404
147.086893647895
3.4058344951024
79.7712055698576
10.3241370089669
116.889380471538
215.115370243598
223.31308715511
212.153790293161
181.262523884973
235.621638270674
188.510072869455
337.292311439271
164.147796925027
316.449808675944
133.98789811929
28.7960129932597
165.598210431693
272.896056732573
1.43380749096435
337.292312417978
164.147788688561
0
0
~
215.096895575203
222.979230414529
199.95465381357
231.593883129047
74.309118413466
173.426985819171
68.5145651240068
17.7162797703707
328.082495568984
57.9037263606277
304.134808402222
147.969178462172
3.60741861467697
79.4474262404771
11.9589661854801
117.26877827565
215.078016716609
223.312631769913
212.174644932891
181.268889643135
235.621603630447
188.522613092879
337.294111353228
164.127232957404
316.396191119528
134.032829584702
28.7472124707051
165.646265785777
263.08715471027
358.455966565188
337.294101805697
164.127225977671
0
0
~
215.049364193712
223.040635099643
199.94584745333
231.595630262029
74.3326656642761
173.453559803641
67.8837144273863
18.1477306556424
328.069252527936
57.8882469429896
303.942255539153
148.155662380317
3.669409426106
79.4283548640665
11.9187900261214
117.150307294682
215.052992946385
223.338354682241
212.175930640254
181.266850203154
235.608655907222
188.570352552476
337.295872670503
164.120929137459
316.37248893407
134.055420511183
28.7368144814323
165.659374227441
272.946869066045
1.64299678800323
337.295862312461
164.120929018443
0
0
~
215.072928105665
223.007088815733
199.91520926613
231.632265136573
74.3798634306358
173.453899539493
68.0110209986886
18.1241605628267
328.137803117506
57.9474084151485
329.562519468229
57.7513618838266
344.890419039614
106.728095792262
12.36009298215
117.066441799533
215.03894921779
223.32349086465
212.189986303853
181.273367726502
235.605680113408
188.597385809462
337.278130005851
164.091363816634
316.376017492851
134.049303255007
28.7534776973914
165.718199217523
272.923148647421
1.68558153718617
337.278129024569
164.091372038214
0
0
~
215.048030286349
223.012374367639
199.91762071911
231.637814678358
74.4081237765871
173.438736721273
67.9572347812296
18.2400277292157
328.128414316364
57.9391668272652
329.608752607951
57.7992632971155
344.797672351853
106.830506990081
12.0558645706843
117.574681671329
215.016927357799
223.309152158577
212.190273909781
181.282023921384
235.59932796555
188.615702926272
337.27337326484
164.080530268545
316.367911343539
134.055260354322
28.712979927283
165.797194244395
272.73218785947
1.69421150687334
337.273347093702
164.080510491913
0
0
~
215.036459975527
223.02534504037
199.91691709392
231.636496004935
74.4317360961406
173.415751887791
68.0348187887141
18.1718697716165
328.118662852059
57.9293662505422
330.27491569212
58.4710016635959
344.161970811428
107.371180154864
11.8536941116247
117.681339959069
214.997613534931
223.302142208784
212.195899336865
181.293544546073
235.593584741425
188.600119594792
337.272147911889
164.07794437969
316.36474705319
134.056490661989
28.7283274143555
165.830028125437
272.527171700857
1.99600717965674
337.272119465188
164.077943773826
0
0
~
215.039188311914
223.005784456742
199.915873222136
231.664695901782
74.4119191898538
173.335251720173
68.0990926644832
18.0998470598046
328.138773391855
57.9474660817354
304.722435814612
147.128958591031
3.00156940459138
80.0270162760217
12.3055059913705
117.840727698184
214.979933886842
223.281324514653
212.229657468899
181.284705078139
235.553491407146
188.671962532219
337.268075266505
164.063713452093
316.344911085892
134.073820783369
28.7169985319161
165.817388250086
272.649222512744
1.72764874335499
337.268058638232
164.063700639878
0
0
~
215.052781553057
222.992741328679
199.897403560276
231.691546711684
74.4132616715517
173.332695858339
68.1290775568675
18.0847944338843
328.113038252293
57.9190959569804
328.727811005577
57.2465189799912
345.337471633187
105.955968415179
12.4190814334212
118.064839996865
214.959663513406
223.284468013909
212.21223250674
181.28375318123
235.53305396851
188.649891584953
337.269371450036
164.044973353877
316.337410203845
134.077715494381
28.7401759542495
165.761848009555
272.586884234036
1.7423178902834
337.269361123596
164.044973243386
0
0
~
215.045554293187
222.990536757152
199.897727352834
231.692463087639
74.3969174403127
173.245131352779
68.2785888672697
17.9715997027149
328.173979764614
57.970894006658
303.193429407593
148.60718543449
3.60629700950277
80.171139385682
11.3608030659454
118.523757239392
214.924006702535
223.333461938858
212.217210455104
181.234336654378
235.506146499859
188.682630563523
337.270447346564
164.01539576377
316.294571750463
134.125218733278
28.9417137884459
165.536161190346
272.536522193415
1.59500696434608
337.270440733388
164.015385768115
0
0
~
215.02507164087
223.008819021806
199.885135755509
231.68563873651
74.4368775395789
173.263220919616
67.9757032649415
18.2726862796925
328.281295859293
58.0622694209966
324.440182320365
53.9750842146131
349.060784112426
101.311910850969
11.4390481398125
118.44585213216
214.926638174071
223.299140595555
212.224852632611
181.22784017152
235.513068230924
188.643290680293
337.298931054256
163.981199416279
316.270675898305
134.14577150958
29.0057885017326
165.510941363315
272.36242010137
1.73142514513375
337.298930398216
163.981204878591
0
0
~
215.013707571836
223.014399171054
199.79435986054
231.740414366829
74.4844309599402
173.124177232019
67.716936690553
18.469995843457
328.319446753776
58.0920840488134
346.228561150309
63.5692922945004
331.370417619276
124.961598683554
11.6535366159353
118.681337256148
214.903960869338
223.30454908867
212.220482366842
181.247531205066
235.57575470592
188.632344063289
337.286541257984
163.950052278178
316.235173690203
134.181573420343
29.0765605066209
165.432112513876
272.333422663989
1.59400211585191
337.286523533746
163.950048961781
0
0
~
215.038268717762
222.97472256202
199.785263076805
231.754153865161
74.509292135151
173.121579220366
67.5793398946643
18.6092028553913
328.334764522739
58.1050101568243
306.327823062835
145.040260219411
1.89342907488716
81.3305014793908
12.5965075972848
119.16824134428
214.902126295164
223.293309690115
212.229572153797
181.250013960366
235.565875195517
188.657548645359
337.291910297369
163.935425554098
316.238735927641
134.177690399269
29.1147947282969
165.400825494796
272.565311933463
1.43973529533429
337.291919784798
163.935432474647
0
0
~
215.015627792607
222.988306478439
199.773116245096
231.775719889225
74.495598511305
173.10044604588
67.5332872128356
18.6779698013399
328.34111564255
58.1071328253527
337.102502975455
61.1771225432943
338.184605911255
115.71855658593
12.0608909685391
118.883065450652
214.867895744403
223.298994037737
212.256018656476
181.221101761432
235.543587995922
188.698199731002
337.295841471453
163.912201218827
316.176976049727
134.23285300503
29.1495107926526
165.327638726846
272.628505963052
1.05060522794192
337.295841142501
163.912203944946
0
0
~
215.017737832567
222.983267265388
199.724316200963
231.794363697297
74.5232315619948
173.014024081099
67.5433046073271
18.6450994417722
328.314591751879
58.0820260237302
345.531081170512
63.1480199108814
331.836396145134
124.922328500813
12.5451234405334
119.877491518688
214.859924771078
223.280398987007
212.269789718942
181.225061460019
235.558050437267
188.712485687859
337.295273298741
163.90785357195
316.151957456566
134.254129884756
29.2332655843366
165.275166331502
272.478149988356
1.26944711504199
337.295284749356
163.907844134989
0
0
~
215.000140484397
222.988461553451
199.751973493971
231.77071981414
74.5400616643635
173.008437893194
67.8923407750034
18.3271911535891
328.314880491474
58.0842377940517
345.850520615924
63.1126218948398
331.563804060292
125.359628531921
13.1471683908853
119.948366288078
214.838472312509
223.278388357009
212.293041753943
181.21725088176
235.515144640315
188.706096438778
337.288547046586
163.907715100352
316.145603327511
134.260412350509
28.5631674945403
165.587785575656
272.697666739329
1.52825856085803
337.288556520907
163.907722009243
0
0
~
214.997458038914
222.974093959684
199.738783789884
231.776260783123
74.561877529659
173.059292712631
68.4506877024951
17.8641414543991
328.363815689251
58.1214347562547
346.944831316339
63.0670016478854
330.635878716239
126.804769538821
14.8392265470174
120.704883836425
214.826144318617
223.240959396413
212.287607574235
181.25220698933
235.525644041286
188.678045248155
337.283596506207
163.863696724703
316.113411440168
134.2900836657
28.132491556978
165.941437859232
272.974909885444
1.79031664742054
337.283607455727
163.863691375481
0
0
~
214.950700455701
223.008518170261
199.712678068801
231.783072572302
74.5794160979479
173.083800711281
68.51973878279
17.8578795765147
328.374857635963
58.1287670499106
347.378632785498
62.9009139379454
330.314786102657
127.631813155928
15.7930475586886
120.991623088574
214.814914192886
223.241017532574
212.300834703809
181.276540661534
235.604406564359
188.70159001518
337.280909249792
163.842992031138
316.100544554629
134.303289711429
27.9054550099494
166.130506708526
273.096017349545
1.92075318130191
337.280910570266
163.842981145409
0
0
~
214.942806174418
223.020919564119
199.662360780585
231.815002579914
74.5816980613689
173.062018743315
67.3588251699085
18.9296302776162
328.408004640649
58.1507185889351
347.547134465805
62.833078564577
330.191651162312
127.888659684685
15.1170565891858
120.880079965913
214.798962245149
223.228110785582
212.341604228073
181.32513132659
235.741215200377
188.622664126936
337.318130596202
163.835131832073
316.076842324029
134.32240134253
27.5500612667731
166.373745711685
273.132151972824
2.31951468781424
337.318119811608
163.835135819472
0
0
~
214.943213524217
223.016192853884
199.650209310616
231.801737272573
74.2979372044186
173.478605136694
74.8951294600071
14.696178341764
328.414028809082
58.1469566639558
348.690169125204
61.9720025267418
329.521307698714
130.028616691783
14.6935345579232
120.496131084197
214.768435452007
223.195794916253
212.349350985116
181.329779061825
235.753766759321
188.60049923386
337.254496986964
163.773310423197
316.045131008657
134.343664046032
27.3983285610259
166.498984270254
273.568053202841
2.10487052914896
337.254496986964
163.773310423197
0
0
~
214.922421488129
223.033937298309
199.60513837192
231.820603784629
74.3520152600801
173.419139197547
66.6482298096417
19.31707623388
328.383516513571
58.1074745560988
330.291792383694
57.9352567452318
343.474561569993
108.899263117532
14.2149567492957
120.684600685506
214.742301229627
223.20428883127
212.363349518949
181.354350071774
235.738910372925
188.581020655417
337.254353253796
163.727957648788
316.016325476787
134.369707427408
27.3236434345786
166.591817375034
273.630250508509
2.182297364943
337.254354417322
163.727948140837
0
0
~
214.893485772846
223.063211721414
199.602623964544
231.798071705093
74.3838595766542
173.419512823307
67.5727915288992
18.395636804093
328.448000372654
58.141730181208
330.215865678223
57.9675019425326
343.381619572551
108.990743932508
14.6083087618008
120.990388069346
214.78187713177
223.163027065477
212.360308304858
181.349642015924
235.751464367974
188.591980972854
337.276881465735
163.637226310339
316.022250296288
134.36276768186
27.2661378449441
166.705669031394
273.422943678496
2.2687471417993
337.276907713118
163.637243482441
0
0
~
214.976818101733
222.959949915229
199.594143479874
231.784048715811
76.6706793072345
171.22771680214
73.8632363915484
15.1039619356438
328.484605357331
58.158366132208
330.881511647936
58.3675509218757
350.04708192785
112.271430593727
15.61136463668
128.829422532099
214.823440099675
223.116875688878
212.376465705782
181.334654305889
235.668700222477
188.671305605314
337.275113253758
163.566384376904
316.058929531846
134.323650326618
27.2465753446312
166.736339980044
273.320019542821
2.41389641513328
337.275097627197
163.566364529559
0
0
~
215.022836263109
222.894433339451
199.570829480654
231.794278639387
76.7180409516995
171.161593604685
73.709626865474
15.3335226016502
328.386338650303
58.0502864276451
329.402235176782
56.9953295696352
358.264259879902
120.08385896575
21.8454024122452
131.669307457567
214.847476706545
223.085364064894
212.360884963083
181.331023526332
235.654813363276
188.713818772569
337.275055440526
163.490929432566
316.114508057363
134.260586710814
27.2513015104492
166.773890796533
274.140197231858
2.06838808910801
337.275054767595
163.490934853643
0
0
~
214.983673048922
222.899835236735
199.566737536217
231.755039431106
73.7391512564407
172.361662166642
75.9837513121063
13.5731138037312
328.310379975764
57.96736426676
323.346394684551
51.8510784789178
12.5167362237576
136.509168223681
12.6185113317887
128.843602570312
214.824568400516
223.057369898683
212.348356215279
181.33782639484
235.619537190199
188.685895335636
337.271243469838
163.420309247419
316.126133503941
134.225571409305
12.4020187956767
168.049144794514
287.977083745803
0.782944627358237
337.271226689417
163.420298795118
0
0
~
214.968015646522
222.875492908287
199.508904553574
231.727915103721
76.0726505175058
171.215828435632
73.1437430121685
15.2623988812362
328.509309079955
58.1049931925599
330.363443193237
57.1323333663639
9.07183745581766
149.395825892231
23.4400180918997
162.889282065557
214.848211640004
222.91042554499
212.355071193013
181.445596521395
235.61776165963
188.685621035589
337.266008658157
163.257295238414
316.215939700518
134.116664912207
12.4264313571744
168.239547631707
288.264096013067
0.742231773714553
337.266036009446
163.257303131439
0
0
~
214.971115296601
222.850631358887
199.498149729794
231.71701456111
76.3043405626905
171.258784375601
72.939370264188
15.6370046159625
328.654429688974
58.22522953862
328.908168857311
56.413978288291
13.5815831219729
166.282909784316
25.794664710016
176.172182907278
214.849028964443
222.895548825143
212.343787657972
181.459594929133
235.55828529165
188.648008038506
337.266378189864
163.210644973761
316.190312385666
134.143743515319
12.0722885821647
168.293604951498
288.551708997663
0.767915726626233
337.266360758371
163.210639793492
0
0
~
215.024737741323
222.742643366343
199.427896405596
231.77098511788
74.0195995005777
171.915032374142
69.0253838736463
16.5840531251952
328.85559222829
58.4334011695945
328.384435179403
56.9765723160955
168.75848378371
182.26843876042
27.5010049118894
171.01407773695
214.856667985378
222.923766138382
212.387141207968
181.424089628495
235.506361878554
188.61967984164
337.259986454534
163.258979359023
316.242857740164
134.101467248823
11.9152609295284
168.243972997793
288.182846637641
0.879846287119687
337.259986965497
163.258975306084
0
0
~
214.984958612566
222.768639569982
199.449015160812
231.726628699755
77.1813394234314
171.359882124071
72.9041656722127
16.2645137950179
329.141413051895
58.7788502791954
326.840325714986
55.9806737679257
162.556677383728
184.849942609683
161.749101460592
185.067558957962
214.913640283603
222.885433047757
212.412556104676
181.427919193748
235.460539089321
188.575497692558
337.245637525403
163.529477659669
316.270043490724
134.086176503543
11.8548263757614
168.227857706162
289.274982752851
0.633021162060506
337.245642388672
163.529501474753
0
0
~
215.050925452755
222.681297759983
199.448213831877
231.703639265726
77.1902855076937
171.370500808702
73.3685167703967
15.8158634180375
330.039984274586
59.7669477221271
323.121636564682
52.9701122264596
164.578776060043
188.55011126402
153.048780000587
193.241720750166
214.964749660191
222.884658240581
212.426093554074
181.437750877956
235.343306903945
188.57676409471
337.230051462746
164.113281229681
316.381529609988
133.998597564662
11.727535389096
168.208877867771
289.529677879244
0.550661176786087
337.230068454314
164.113289820188
0
0
~
215.047540982589
222.684696035887
199.428631293805
231.684819099713
77.0575861119237
171.445077435987
73.612764092266
15.4550954471225
331.207105917606
61.0253646350273
321.183548416252
51.1394325008847
162.020201323529
194.739801914567
160.383575079955
194.350586000194
215.050448755508
222.847826283811
212.450573949189
181.447000254272
235.214310347981
188.58004679842
337.214270662693
164.84023622857
316.445864232205
133.950651248026
11.5868080927204
168.16146721455
289.326132244856
0.567387695122565
337.214269888981
164.840243026651
0
0
~
215.020880090433
222.710181158574
199.463696847322
231.652104523641
77.0712855604132
171.454409788817
73.8577790772252
15.2513519989383
332.311644813401
62.2047510909493
320.39487705177
50.3517280302925
162.345682651867
195.911811100286
160.529860991245
200.740792157405
215.184574747833
222.808159457591
212.453358224281
181.500627228535
235.182690873171
188.521893081301
337.195219017925
165.540554444091
316.592085807057
133.833073244677
11.3866482260036
168.190907458481
289.573602782019
0.566322446105917
337.195209669357
165.540546026239
0
0
~
214.984671908664
222.759368158938
199.500430604415
231.605784329728
73.9676592604408
172.075285179005
69.8524304800691
15.4869985472607
332.929930665994
62.9115783824317
318.957329437997
48.8662734137181
162.009160173716
196.46515051875
159.869861859782
202.382221749608
215.37356856674
222.736497602483
212.451860201894
181.679715627265
235.284493067148
188.425476727847
337.177361396688
166.426133395787
316.807977403142
133.631900821464
11.3188979655894
168.23276540078
289.183602722336
0.538981987658374
337.177368606212
166.426137301454
0
0
~
215.057008180551
222.781554766204
199.520496561709
231.565823034474
73.7712519807341
172.067759988029
69.6333227532792
15.4966671710033
332.926420807535
117.098915530855
299.695813085998
150.981033801462
152.958852350636
192.088284587746
151.008152794209
196.742703244782
215.491554929791
222.763396273468
212.47251715652
181.691248770388
235.119378035671
188.400043796496
337.238598500284
167.557265653895
316.917363174419
133.549601713349
11.1919104110917
168.273723528328
289.509225107832
0.638328774844753
337.238598245979
167.557268400869
0
0
~
214.963480247127
223.169178188846
199.595493892393
231.464932310845
73.8448541059823
172.144926614844
69.6460192048508
15.5945856488326
332.760522595817
117.556973189626
333.732936057412
116.287081207133
162.614610185741
205.288546343835
161.577786802892
208.466275046176
215.724020223774
222.913217391889
212.358409645747
181.759296025217
235.22319563157
188.211822576164
337.280954815941
169.132322390615
317.142541685292
133.38166358472
11.1733988540942
168.19783374227
289.278281315555
0.564864099245644
337.280954261085
169.132329293196
0
0
~
214.887380130261
223.502215498581
199.682690578787
231.386314209538
75.8418799988643
171.414538519468
73.639036958963
14.4765742316345
332.80339173425
117.740053555975
333.495408691486
116.567939396119
160.883764666413
205.378542120713
157.880417524677
209.020062734991
215.82072983413
223.157656277389
212.291829437967
181.788730493201
235.505468513201
187.629784690194
337.32296610725
169.891866243937
317.547371049796
133.047226643402
11.0343344537117
168.239909245597
237.632448743529
353.412859100672
282.299695886916
167.791622029069
0
0
~
214.639352453699
224.216996169846
199.861708716218
231.181276305337
73.8445588785748
173.719672252997
67.7165196235618
17.4081308116891
331.947197750619
118.938013688482
338.241167251118
153.714527976364
144.41500999208
204.348788516803
144.406152617465
227.596643024029
215.817903200837
223.743561345965
212.203485021303
181.943366411844
235.447080525569
187.307140579778
337.395172098483
170.702201585265
318.186857308737
132.424424150419
10.8417858248361
168.489045067607
237.684779202538
353.374581658057
281.888259660199
168.14136751952
0
0
~
214.802719360628
224.226532042902
199.824083454418
231.109217904187
74.3022389967304
174.673653892821
66.7278094293499
18.8585908311774
331.595829383882
119.375904346208
337.886002677042
152.718448889482
141.807449968268
204.431731988421
139.776384685666
223.307393306417
215.924357874763
224.127689220739
212.105877047686
182.114446063622
235.593857927285
186.871538528229
337.398260976824
170.912156850004
319.568800194961
130.99871579654
10.719563638034
168.594648601206
238.460401092345
353.735463955565
284.583370628788
11.8661276869178
0
0
~
214.60289955461
225.034356100785
199.615640031469
231.213762077059
74.4793971104855
174.922515295966
65.9003581140849
19.8215773426067
329.877073979854
121.310194075101
337.680036186714
151.100561297532
138.970935807688
205.436982359708
133.667833210747
211.234563517614
215.714780352038
224.681263284009
212.14219290718
182.232174937108
235.508515279692
186.670192215538
337.494444760842
171.316342612442
320.015601850401
130.514481015835
10.688902465357
168.507090742737
239.039199367501
353.405404660248
278.80347033041
171.275768826066
0
0
~
214.184509620931
225.811453113478
199.419224183652
231.30315323481
76.8714626869847
171.878249930727
73.7524888685831
15.2081489071819
328.946881071537
122.379942150254
337.930287983008
148.839006871608
136.037215011458
205.556801840971
135.996572852862
217.495964521569
215.535235441955
225.280450398683
212.244918780309
182.195815755105
235.361139980366
186.699133839612
337.62683765426
171.38093451626
320.157641889514
130.411891451938
10.6509538437009
168.314454062132
239.446508440853
353.353981948536
278.096751827641
171.939064394712
0
0
~
213.647402710627
226.774721499184
199.54415288396
231.20289280347
76.9937887131687
172.127996043258
73.8097026528627
15.1937387350759
326.846881255182
125.590264833662
340.221142622278
145.762322506203
132.565022662562
207.915898623026
134.043322247913
215.937348837354
214.910146773423
226.393764655561
212.325618051245
181.880409471093
235.204122842727
186.671114454838
337.668416453907
173.014997971498
319.913909478402
130.695609389602
10.3840429691274
168.419228407096
239.131716819398
353.614285151504
277.987012346823
172.069023326928
0
0
~
212.893522604952
227.660464409671
199.191771900025
231.394207004508
77.0097966713482
171.959225786359
75.407818755714
14.0381363312025
326.799118930877
125.830566381428
21.3371542596223
167.026877656761
142.735157804972
211.092401939494
133.150402831867
214.828359856284
214.484023784083
227.292701536554
212.389540594146
181.717414995902
235.069873498163
186.531086549116
337.674090305193
173.231698852409
319.519784989404
131.196990599342
10.1314687649205
168.574514585451
237.113494955405
350.863524844147
287.720085043359
14.188361258562
0
0
~
212.398891079704
228.309944041785
199.124562996303
231.36178095803
77.0934195590154
171.925812885401
74.1054772502259
14.9095199525184
327.300678573301
125.497466064927
26.6897309633906
164.754891313657
139.881385477431
209.055189359693
140.36077267257
221.190248699672
214.544559675753
227.458247797906
212.296867547734
181.639946566778
235.072104604636
186.387889893818
337.687901000992
173.524423595648
319.505347578518
131.362682160975
9.83274263349712
168.712066683006
237.887837159839
353.017831192389
279.218261324326
170.859719028875
0
0
~
212.217383602184
228.494044073049
199.006741606036
231.363268738945
76.9844628081123
171.543537278516
75.2725344609877
14.0774033870456
329.581171997619
123.676341054442
28.6850214733895
162.845315370611
139.847667868004
208.820894793522
141.819447872347
224.253064490726
214.595742911442
228.058205149944
212.16843121123
181.473008772504
234.935365678319
186.218629130708
337.579098243823
174.464084379103
319.343355712746
131.755154535879
10.3266908468659
168.667303111194
239.437535422642
353.964676448251
278.17746550262
8.17239226570961
0
0
~
212.203489038077
228.513303516677
199.00482648697
231.298292372942
77.0370335775605
171.493660945116
75.3710526577948
13.9907296235653
330.331104370852
123.350690512208
39.0174774193326
168.3789981892
156.994024248189
219.092867506697
151.09918795961
212.590074094672
214.667985662521
228.223612384396
212.104797729492
181.438387802394
234.939939167949
186.105946987306
337.56826879509
174.959725004593
319.412886788605
131.9284721406
10.4853398176707
168.513224660449
240.080854182516
354.69243248821
276.663255429634
6.65107365813196
0
0
~
213.075204684865
227.477928317579
198.964570628437
231.291969874211
78.4426900208286
169.96736913585
74.4813323561838
14.8501043337912
331.254352277476
123.642349907855
39.113823478947
168.207109547556
152.690417936784
223.839234980246
148.028089212875
219.074532994678
215.192682986632
228.362304777429
211.932560573894
181.594330026707
234.840938950601
186.013464582649
337.559543644198
176.194565616889
319.667493344964
131.94615267368
10.4583098651598
168.358693195186
239.978451154478
354.220173682078
277.827916538844
6.83733404844168
0
0
~
213.432704826811
227.312203154641
198.981466478092
231.328919137775
78.4660915392239
169.918454444901
74.9301075722391
14.6260957194522
330.543722261205
125.864166262492
41.7019634454553
171.065604258371
147.637047148726
221.033667110677
143.905114794656
218.038196026778
215.449557413874
228.782464346159
211.850941476129
181.645573449411
234.493652464275
186.168290894032
337.590374795992
177.571950980415
320.588911591016
131.22301532194
10.2944051965939
168.587083223683
240.013927780113
354.081704531075
280.290354697953
9.2726208426559
0
0
~
215.19970207798
225.973266627719
199.139140079978
231.311598878886
78.6180444487395
170.130855647667
56.4566585968699
28.5043827437524
330.427229880432
128.782409108298
44.4461232124348
175.981150365914
148.945509360947
230.110578194366
147.438401522915
230.585520096391
215.420686869456
229.835943275509
211.909237207771
181.955522875216
234.202531738239
186.237298946002
41.467006067602
147.904481960952
321.824772595869
130.249955972533
9.7612257815483
169.23803599007
239.997054786589
354.173568520623
280.385823357968
9.13133332365938
0
0
~
216.777783628524
225.973566576009
199.253948424
231.217054900373
78.8178652432465
170.371599767332
62.5048568634863
23.8829258519517
325.283863409235
133.27226482233
43.9408869971064
179.346593702537
149.693443811175
234.991936953472
148.475380306139
235.294175616143
215.296395430432
231.098821930303
211.793929837495
182.281185757292
234.197910111025
186.198994480083
43.676703086862
149.564435429346
322.72943211411
129.562986511495
17.2258836701975
169.381551923857
262.605797648344
357.744555934221
202.077551148397
180.778905726785
0
0
~
221.860453653004
221.457904225266
199.607622681825
230.804800983152
75.5113239923911
171.992771831221
72.2607968558738
16.7928536064214
322.523104346362
136.057966310394
151.563250065382
182.695458860893
129.413476760139
219.103459586357
129.230433463163
219.225576767849
216.238238683014
231.677223250886
211.635268040754
182.950716951462
234.168000025439
186.242824785123
44.0190899797123
150.629905393443
324.496395397586
128.775889117243
15.9069054643306
169.123897934519
262.286082509702
357.10206391076
201.966605524196
181.70119014046
0
0
~
222.01195716095
221.532250716538
199.691724871535
230.363816380259
75.6089787181173
171.974971417898
72.3114175048403
16.7759124401351
322.326265954067
136.27237785841
152.854861153649
183.659231564442
133.976387580424
222.588873401534
133.502915008111
223.008433618133
216.809902387337
231.662542075815
211.30901068741
183.196315978148
234.14683469983
186.288787670243
47.0988383506814
155.2441161795
325.059709311299
128.742275674517
15.0906196296432
169.839377526026
259.42515579718
357.051253453056
202.256239773592
181.822665147025
0
0
~
221.748489425505
222.050261185871
199.596940663511
229.675462491736
75.0780336793741
170.810104936851
73.442533646412
16.0278380052888
322.095464771315
136.545108245408
152.897311725344
187.424040621689
131.700067985158
218.152934261996
130.801635822496
218.778914777193
217.062589744381
231.469208928214
210.773891523906
182.865182897288
234.182770701755
186.353901511359
49.0432128799085
157.169055682252
325.142379075762
128.82948497784
15.80012088465
169.359531267007
259.283350516891
356.211704589821
202.241052498957
182.055355351095
0
0
~
221.375245420843
222.614345369855
198.886433373509
229.240372113193
72.38071898081
168.804934753702
72.3577826945582
16.4798748075137
321.877362638353
136.787819772672
150.755689261249
190.589528303047
139.820776901398
220.966472528642
138.590116007795
219.38874162341
216.778023855443
231.367150674558
210.077307307502
182.528730757761
234.037585352
186.658986194377
49.5979803901028
156.494566436007
325.46742765314
127.853825352473
17.3865589034132
168.606484819375
259.030888489231
354.816820536696
201.900953457947
182.432018682737
0
0
~
220.644138621112
223.427402811908
198.523368262521
228.614685202971
70.6994262202747
167.767320803085
74.1964725357821
164.207252009834
321.81332739602
136.84860279189
162.209911296405
188.815643207937
122.688699026611
207.252971193888
121.19276754108
207.738410961291
216.168743368631
231.975415459419
209.648511264171
182.251543859445
234.074472726452
187.106253490488
47.4536615007067
151.522396908667
324.64932391536
128.646255543255
19.0136308576945
167.381773609925
259.033865650885
354.254868173253
201.905526245536
182.527849428449
0
0
~
220.096168973943
224.096564155541
197.922034192345
227.914489682938
69.6689709707488
167.272040703724
72.4183792346539
162.516029433325
321.796198253568
136.863993048172
163.969620693263
188.782168543879
128.894809424969
208.254835109755
136.498801914532
212.942700945957
215.923842939577
232.090883690386
209.284940952375
181.734562617803
234.107410238738
187.381172376731
201.897411019108
182.624133551702
324.674235364964
128.421986318343
19.6245599087222
166.88621422718
259.221669311982
354.274995412924
201.897394469742
182.624127475681
0
0
~
219.217852691027
224.838840909875
197.027472305625
227.203005346881
68.542336011435
166.426370151797
71.2841747801813
161.45788100942
321.777568561786
136.88157631354
168.321908677414
186.989527357868
129.13552223069
207.830631734256
121.136953035879
208.491538058338
215.535905847159
232.570684516935
208.934947761988
181.373991195082
234.079328944144
187.547836222193
201.91711959409
182.487983275264
324.559203151993
128.693417562392
20.4763901613967
166.118333946676
259.524430633074
354.736199781294
201.91713618541
182.487987858945
0
0
~
219.011948617259
224.734677353504
196.215697613264
226.618858466392
66.8690275039979
165.654339721322
69.8827119163989
160.102139559979
321.768532473621
136.889306699305
172.154007296564
186.567938764577
134.060811385504
206.947641082604
117.462575645637
203.134459062468
215.453870410188
232.655663295004
208.81818307995
181.124739966141
234.065797263091
187.706035180627
202.115915971242
181.99563365519
324.636113113775
128.712113805717
21.2817853744015
165.590112982371
273.494880231266
3.43133586328685
202.11594312354
181.995633554632
0
0
~
219.499031124078
223.624923923782
195.305207706649
226.296898644989
63.8077656327754
164.877365444065
66.4397044790731
157.513268107312
321.76395986224
136.893636737152
176.788771431245
186.112723676811
152.435890117311
203.030199534508
336.435974462331
30.0540025737476
215.757308841226
231.866412375868
208.542140071725
181.06684659032
234.540197168735
187.707945412165
202.176678999311
181.514984841064
324.697854593647
128.447421274755
21.8787874896018
164.483557696149
273.48188089206
3.42865132539962
202.176679059425
181.514979264945
0
0
~
219.728334668837
222.897306608587
194.590655869623
225.951159104903
60.7860271920476
164.474403839455
63.2482269245892
156.657942268511
321.763105629387
136.894530025948
187.564397485968
182.795583753043
147.958706689521
202.832206753522
350.131338128083
24.0689722915147
215.956586246077
230.99471780161
208.563915596862
180.989256016101
235.976563797164
188.143911924147
202.118407410976
181.343817403586
325.123264290962
127.543991980364
22.4442877943994
163.832624204152
273.469632019811
3.41825278926904
202.118397036074
181.343821684481
0
0
~
219.487975090469
222.988446718658
193.935135781539
225.099592534003
56.5128776232643
164.558709099154
60.1224512806117
157.757346805
321.763210997252
136.894586554955
188.686045336149
181.83251120756
157.638412300394
204.438918710217
337.891080039272
14.5786118509111
216.179972924596
230.429622467283
208.544895851545
180.884695620822
236.334034805608
188.450245409563
202.167448892574
181.159987746466
325.174336228022
127.338982767377
22.4749318714883
163.531931228221
273.478538145499
3.39390628469284
202.167459240018
181.159986266371
0
0
~
218.964050950714
223.413498394266
193.403575618358
224.003839161433
50.8428316641829
164.114784141816
54.6336777272274
156.947913337174
321.763642232488
136.89418648981
190.013791041233
181.070488610787
162.598043419169
202.400787369957
161.602536690514
203.712688804333
216.564634892645
229.882525356503
208.462531432046
180.957066480257
236.195511690014
188.482753886571
202.488263111774
180.781557948522
325.052371012565
127.522255873365
22.4869911511077
163.410271599609
273.644676892328
3.41089709330133
202.488263080271
180.78156352692
0
0
~
218.697002841421
223.319163925959
193.464596369685
223.282005857371
45.9440287209563
164.276111758676
39.6038780688575
156.304216742285
321.763674293278
136.894157167377
348.339583340101
178.324286944315
314.448738618806
163.802327646106
312.077062158958
163.13983434187
216.884280524281
229.418181357435
208.326073378942
181.185138847446
236.407434073463
188.482737880792
202.291614023234
180.563071142045
325.135445740119
127.445087663296
22.5625707059342
163.225174590642
273.521792222641
3.31485447873158
202.291641279983
180.563070111666
0
0
~
218.282816517883
223.621079647178
194.336362866847
222.974655032826
38.6016100895977
164.214298585633
23.7627188767608
147.782070192515
321.763750351233
136.894090697721
357.914580736809
177.521389732484
304.261144693867
167.422190702662
301.613849462919
167.033337647417
216.873616418805
229.344459761612
208.359340643862
181.216188453854
236.423639010297
188.555918493887
202.358127678976
180.385392513251
324.92406350197
127.718173677677
21.8636561560633
163.276759135678
273.667187691289
3.33700864773164
202.35811733751
180.385402300349
0
0
~
217.920810412853
224.010726885585
195.569112271384
222.593147198283
29.4003230801339
164.849905641461
358.621598354109
150.616038923603
321.763793159136
136.894097876612
358.387209179833
177.833954656185
196.902077926122
204.33494176637
197.852882060046
205.75453620308
216.801211362663
229.521678320801
208.331095701839
181.157275824206
237.132747145354
188.414867113763
202.367854941941
180.355268286895
324.821793657648
127.895726726348
21.7844978422509
163.11928389947
273.885731407312
3.33178696924683
202.367854970389
180.355257138011
0
0
~
217.751285769608
224.171051359997
197.078514026903
222.087947958762
20.2360064476475
167.25228150082
2.83885208825803
148.423394569822
321.763866419719
136.894053362189
0.466376687706727
177.12172089953
198.955427368387
205.634862971743
200.000508598857
207.099504774592
217.049291756966
229.521784899044
208.377899376093
181.357203302112
236.806716503851
188.275366063062
202.36487038496
180.249604873601
324.783033442855
128.191394027283
10.8307955285163
163.523737778104
252.635080826082
359.348181485703
202.3648534389
180.2495949417
0
0
~
218.621485495528
224.163189814167
199.00851769644
220.897783140006
17.9456318231412
177.867294462114
338.497499464591
137.484809071069
321.7639095915
136.893989707925
359.618100961772
176.995340841986
169.254704564531
208.247474872605
355.872939468133
26.5582385751769
217.064012007008
229.882820160377
208.361463181873
181.671461071637
236.53962449102
188.10721296503
202.343985116068
181.312889188896
324.843396505141
128.352229639611
14.7704216993108
164.109111187099
278.863534916507
0.902171519783965
202.34396818913
181.312886851794
0
0
~
219.142112198686
223.96099224532
198.740770708371
218.885352387302
356.333594166804
164.065321663513
130.540468673058
328.489361581361
321.763937318691
136.893978201494
2.80292783917772
175.95402755709
173.598025739362
207.429252267349
4.24606486024711
26.2196227073253
217.202421712647
230.022644006723
208.546342096187
182.747097099625
236.376952690878
187.770795673643
202.330577350953
181.805655986489
325.330074696969
128.010236886911
14.3266201308983
165.145487514346
280.047108017227
0.432542189555763
202.330560371845
181.805658863987
0
0
~
218.646797908932
224.732000759077
199.213105424743
216.849127678576
351.544557105083
165.417305679946
125.255063255404
338.359910098972
321.763958904352
136.89400716629
5.5642866112798
177.725586790311
171.410246552473
205.672288029193
353.78278139024
24.2926463460849
216.84006831885
230.525890044916
208.998226327524
183.394472955453
236.204706662499
187.265339826485
202.321957064279
181.882234960229
324.538363224832
129.084934021107
13.9382727714125
166.109840145991
254.033748692812
356.964075565468
283.381356315786
166.847090782305
0
0
~
217.746409525892
225.833967890899
199.710608323213
212.638790936534
346.710493157742
168.790281005982
123.218254250991
345.69767492406
321.763971165735
136.894012282376
8.58009645213044
179.550454872737
160.290250852104
208.980412767501
300.118540848415
150.592975830951
216.517925386563
230.966470891933
209.258970246858
183.751349859403
236.023489050289
187.100975762062
202.368255467826
181.839218543587
323.898291330951
130.00602202463
13.7644910326929
166.549338216015
281.325274561724
0.0195905510768371
202.368238433656
181.839222791572
0
0
~
216.861708427257
227.05716510454
199.397081740441
210.968453039365
342.932641378089
170.867162051146
63.1969269337484
15.3296730908368
321.763976512698
136.893990281905
168.226824426963
181.661457258325
154.81044775473
210.434640671239
160.705796759919
209.987332983759
216.16983760365
231.447050493695
209.483819429647
184.028147656852
235.910298444037
186.770727775546
202.431015230457
181.973620934356
324.357845813517
129.805352545169
13.215526291706
167.489703374537
278.159131436432
1.77529273279046
202.431021790882
181.973632249811
0
0
~
216.149994398521
228.610080864376
198.886670411199
212.847639535984
342.23706440669
171.12345856379
7.74757051415083
123.166136261217
321.763977519017
136.893993265755
167.216733242191
184.070094104632
150.756436208818
209.446273761296
157.248695057307
212.489416441983
215.958251190857
232.051466664043
209.626919771822
184.355447957899
236.403922468641
186.491313512184
51.4209673903032
146.345906370607
324.115309682475
130.653680243281
12.7530229248422
168.318683036724
279.890136286756
0.821612685257553
202.511989580954
182.635683133321
0
0
~
215.71351107724
229.880694379615
199.346342698436
216.99651620881
345.16098082835
169.966877419033
28.7788563945653
133.808295362682
321.763985755149
136.89398644643
167.260545026797
185.592649692435
148.11552433115
208.507887988088
149.85318047214
214.366335354559
215.481127052334
232.991739401258
209.695625229293
184.138829378487
235.962198217929
186.269074013196
48.7727104232137
147.276041908797
323.521003320008
131.619772935193
12.8654754193789
167.692521713663
255.302068653749
356.06859953366
202.444827969796
183.476737331134
0
0
~
215.312214012536
230.78863730217
196.803793421562
219.50129382172
350.147793861533
168.191077800564
73.5315218143887
0.878543375912465
321.764008532827
136.893987705084
167.895377990291
187.097394897538
143.242375925329
207.808313630659
145.73755500742
213.586124403001
215.300709321299
233.215708161092
209.524144003074
184.087575609415
235.484573223033
186.129507280596
43.1786629748672
147.01282644331
323.280188840266
132.119103542354
13.4259086535996
167.337316222394
257.906723958554
357.697272870502
202.522166313112
184.043030676062
0
0
~
215.198240071694
230.326158330351
199.056961111817
222.131558037718
158.401009687827
180.21013148997
354.163788956238
147.545249123626
321.764001501663
136.893992890542
175.727469792543
187.406075261934
143.645095430631
204.264720605904
132.354089608269
200.736111696959
214.724242213743
233.816433244319
211.14329863342
185.155225838327
230.395767129311
184.020802819938
26.1604678339344
147.601655073607
323.668726106408
132.320986712247
14.1172699495533
166.756831002519
259.619896628364
359.042099048514
202.795177599157
183.427745097502
0
0
~
216.044052123167
228.506337360763
193.161096000939
223.297067837501
23.3984449065515
173.615453510119
8.64041941925052
141.484803634748
321.763989451987
136.894009229166
178.238873981132
187.187137803383
159.514471110152
201.583994746721
131.448536303178
193.408157645915
215.163639751964
233.20243828833
209.272722481903
184.175821428434
233.053182785461
185.140208454468
203.207167469981
182.58189783034
324.725043052621
132.06263483585
15.4144342970849
165.292410179776
259.552340833591
359.652555071514
203.207185059226
182.581898284427
0
0
~
215.954227525012
228.190499752141
186.832340895898
222.452046221703
29.0381954734352
170.030191547168
19.1344176773614
145.569565276559
321.763989451987
136.894009229166
189.508385624263
185.469120478891
167.672813317681
204.032882672897
130.313354799909
192.922483213825
215.234077849163
233.248273894511
208.667583411618
182.528925980216
235.065021891941
188.303471294153
203.541194635371
182.16163229053
324.289006404683
133.846252710639
16.3311761918549
163.091352619119
253.962853428373
352.407374781364
289.429151919451
19.4263443545322
0
0
~
214.875347323136
229.432710070075
185.074012774116
221.956940338368
35.1668554673618
169.17641477639
32.127823721829
152.96863091147
346.603510185764
103.754669141649
199.44065553987
190.218148438065
196.876603895214
201.720001661849
130.061949621722
201.554609853354
220.763053886499
226.984363049985
209.018488506099
182.327939997707
233.819609460645
194.469864605459
15.7274899388831
128.966038593479
325.066956972053
134.437691703252
13.2654135963225
164.249419554028
253.01933417366
351.257413604109
293.519019075616
23.3799371989022
0
0
~
214.0809350422
229.866765956164
183.887856939095
222.633290838469
40.9487260666348
167.564823383503
39.8974100499405
152.967561879825
341.895424938164
111.006246288052
199.010372877093
188.322189003628
198.710936935117
205.220788939271
199.556433799532
206.399397315708
220.698629804613
226.877761560757
209.237980557359
182.640761423144
234.953340168909
192.249027465267
22.1612969224669
138.982937309517
325.3886366278
133.991012648056
13.1064599377877
164.718856154716
280.790795930475
0.501471057874235
335.827726345873
179.298320898511
0
0
~
214.143405147322
229.715769187578
183.273307671771
223.44117115026
43.9735689867932
166.76427087137
45.3320855868118
153.899453429866
338.433168740545
116.662163813995
199.49851010833
187.762370210068
324.048394848718
171.165441439379
322.496481235884
170.836011889778
220.299048659566
227.290299094901
209.286648893838
182.733544983563
237.719996302197
187.168700016175
204.289230342796
180.697703214876
325.308586708055
134.039085581852
13.026729322585
164.79825308903
277.606083096477
2.60197419119461
204.289230350458
180.697701820726
0
0
~
213.682849483065
230.283968316027
183.735796237762
223.916335832558
45.1075664341288
166.289260792054
47.9010669792988
153.974668423275
337.364466022147
119.688179260027
199.65230019016
187.925152626838
320.659831294951
178.921315759912
318.951715179617
178.882566418328
220.111269583697
227.368228705309
209.302012162918
182.866859045431
236.05637459452
194.134175439531
26.3597158988583
137.666742896394
325.095127483542
133.995234766431
12.7358731924544
164.920122107799
258.424748972482
359.097986158958
204.379744633226
182.081012021385
0
0
~
213.289064883315
230.898465377261
184.795369278708
224.129798150962
45.3817293274352
165.714301431457
48.5286738326656
153.838298701739
340.187478794348
114.960414643222
200.127695527489
187.312345738073
322.055750132078
178.316016571242
320.399589575799
178.254285668274
219.872511941456
227.729389059135
209.344025810131
182.707926415636
236.006937115995
194.853054802494
18.6461158824891
132.956231096251
325.004786015583
134.442897348866
12.2747777023225
164.480382482131
257.60233401645
357.798391335577
204.416277497355
181.010992061178
0
0
~
213.292188733601
231.104694754799
187.785311622412
223.940395294841
42.3586325918152
165.696255797011
47.4281580638116
153.860853442529
345.812429673346
105.806017408527
199.576106150175
186.90256193393
321.438399748922
179.043974286361
319.758615984166
179.009231359333
221.008050176734
227.417811797853
208.885880350877
182.691883526461
236.418308337843
190.566592486703
16.4181548730094
146.830129573613
326.504072196629
134.088016783184
11.6151697245166
164.694211929741
276.872878268035
3.05226904522461
335.635142124582
178.842402657369
0
0
~
213.524191615333
231.411545881685
191.29170756403
222.492603679357
32.8336441046932
167.121114728016
33.2458101329981
152.819459893391
346.969677344292
104.416293853523
197.206853425187
187.307602122644
319.755804668608
179.635188059059
318.014512294417
179.622262695521
221.399020961841
227.308777150809
208.633541787135
182.5423142264
236.681786849166
189.588712528843
12.6609923863011
148.19571617231
327.19141821801
134.135960134501
11.2445140415317
164.859169974555
258.829796522745
359.895194416647
335.756697949114
179.24105251052
0
0
~
216.379915999618
229.34438070112
203.932737071707
220.965099688678
23.5627757014617
176.482728458062
23.8161267161737
154.429688936899
347.693289080708
103.550679590255
199.734687416596
182.61153553083
220.326808880048
181.987009524263
222.068829727069
182.057278893629
222.815422822378
226.466469851825
209.821886483946
184.368754937421
232.755641224141
185.756621837098
22.1523077172657
158.823297081883
328.333973120628
133.765611424979
7.96606744829954
163.72615785301
256.763756493519
357.447499013956
203.636144529277
180.166644983575
0
0
~
216.750949567313
229.040364079844
202.197716412155
220.81211646422
11.6422450340798
176.243291869325
16.2589565201965
145.294401312572
347.704455840862
103.502836910968
192.494224616797
184.137482651586
223.452350765594
181.224511855753
225.304868679195
181.265661475167
223.512414342733
225.726700981979
208.61566764867
185.285932680209
235.439925775307
184.051289426404
33.9573398465217
174.105407994791
329.2095862174
132.267665340875
6.98035358184618
164.993507659714
261.39520289848
359.661221507918
203.515502855206
180.189506314884
0
0
~
201.651854917292
245.260137409649
204.205546418919
220.613952728947
178.65312383352
187.512918880851
2.33513564025477
136.372051737364
347.781922655585
103.296387883002
179.170102721207
191.018540202497
314.347301788728
179.850646726482
312.420262607282
179.84582205634
222.484888376487
226.65999667115
208.374523426474
185.584761288003
236.174047082302
182.897177253011
141.255680655882
184.639430459345
327.970477220913
132.681070842238
7.66436572115047
165.958653564115
261.264656921132
359.361014546893
336.089340449942
179.08545657423
0
0
~
201.927867712828
244.86616875715
204.129423458629
221.330992493184
348.764247230042
168.96969907065
20.6414307230668
169.538464145606
347.781914957496
103.296394292255
177.104182255485
192.110951779615
313.550980472738
179.300846180242
311.598615836091
179.278607064243
221.303691819161
227.709870054705
208.249389475092
185.622336852115
236.758267931407
182.106550850022
138.181993442928
189.470962893383
327.036772050153
133.009425548328
8.8066717467702
166.339981939382
261.684331503585
359.680929263887
336.173927336583
178.98616310751
0
0
~
214.758121540333
231.335897371329
201.069216125743
213.587517061301
342.711463486212
175.074809712505
48.6373144344804
26.4579623401648
347.781921723468
103.296407632085
184.630474508003
188.978202513601
313.552817653246
178.904701327944
311.601031615481
178.869866611634
222.371711994984
226.631927249188
208.149096956404
186.283303633811
237.194053803988
182.201474240299
135.466137881182
185.697423254141
327.998352667773
131.785582185949
7.93390967381778
166.951669763214
262.402750001865
359.89587945566
336.722843610316
179.880835044069
0
0
~
214.632145068417
231.414396409461
200.993331151054
212.606142798064
341.507825402639
176.014040728184
334.332133753389
34.9722092764233
347.781921723468
103.296407632085
184.660311800886
188.994932016584
313.525951024764
178.845989204196
311.573502013734
178.809313118257
222.894153453982
226.129785223599
207.993408482705
186.478070698228
238.221139408497
184.83714695655
39.5270061617437
162.942255318925
328.230559962259
131.636258050491
7.73635067811385
167.055035182852
262.717122198921
359.953171903276
336.735053073062
179.79892961096
0
0
~
214.588521078338
231.353367614073
199.85224058197
212.31498608086
340.827207473155
175.311032908058
27.2419424820662
2.94336719686805
347.781935554814
103.296394529181
185.137692690644
189.078806472649
314.205783840985
178.520509807704
312.276089165825
178.472884848139
222.875259997737
226.260285248535
207.843354105602
186.171821916172
234.315800101684
187.507514320707
29.476865825862
128.616019725569
328.270835267472
131.965778380072
7.48211083496673
166.478605730976
262.62730449963
359.903784913204
336.7173582501
179.689581784705
0
0
~
214.724344894708
231.074634900439
200.618610785243
221.168919153942
351.888920664572
167.39618646482
93.2985857070915
182.660740400145
347.781935260281
103.296376118819
189.093758776544
188.41634004598
315.651462182197
178.464383963142
313.769936775087
178.413624211707
223.040821965534
226.238298407329
207.550398933293
185.66514836446
236.570744090555
195.435934377079
24.2859536731093
123.597725167807
328.506170731052
132.528413759603
7.1316114744355
164.842269814102
255.847139234059
356.899371378204
336.690353023571
179.564010924074
0
0
~
214.997163477286
229.727643688312
201.694735396434
220.227492490102
14.144295907312
173.821407010419
349.391713822831
128.768075856749
347.781932512455
103.296360386052
198.485103475886
185.958029503416
320.058445886569
178.554741165516
318.33015319989
178.503328797713
223.463767593727
226.154287872907
206.610983831908
184.64026199952
237.044826604007
187.503174203482
33.8946068527164
143.560706644101
330.034069068768
133.408612003453
7.86754423400013
162.803544347173
250.486743858811
356.43556233429
336.368969227868
178.756797517747
0
0
~
215.092427577212
229.857454422388
197.891991202815
220.489372360723
22.9383021959786
172.607817667622
17.9359179735078
130.744229299838
344.728748005033
110.202474659651
201.080218343631
192.521293266183
320.73444342019
178.700202300687
319.030422159846
178.653484447876
222.103260748437
227.140351250903
207.21395814408
183.9584058329
235.882869863101
189.950945880606
25.3739904106144
128.824317909648
330.091407814879
133.297401063997
7.05854340320641
163.533090708688
247.640999581804
352.754916393377
282.089441587095
12.0806615211456
0
0
~
214.721084906448
230.06073074011
190.930817356473
220.090513100683
33.3926699225038
167.695723103893
25.2130724286551
144.89224195035
334.723170454202
130.68505916069
201.391474172368
194.65320507898
321.768800078267
169.0949555699
320.154616845858
168.70438069356
218.921981255302
229.253818510477
208.066148765258
182.732982728357
299.137451896265
173.233448604646
153.298914028968
220.696714830588
324.996157090235
135.005565778573
8.19999539230239
163.949122239335
247.399196831026
352.717496321483
286.553205392597
16.5224531410159
0
0
~
213.741509218879
231.008094228964
189.328411040084
219.904571686363
40.6224907706154
166.234737071114
43.6702872701596
155.135996704975
332.802426293747
133.506232586502
207.482647562185
198.112564721168
325.633934761338
172.741684240204
324.133824180662
172.464737530464
217.421975813889
229.121472514491
209.114542376983
182.584752053877
237.688078969942
189.393278607212
203.807383530218
190.012681826512
322.428747146043
135.714117694239
8.65177808036118
164.758511110535
241.386914593743
346.852392911082
191.071467550108
285.33039046289
0
0
~
213.185726626273
231.451053204896
188.104701850042
220.064600826589
45.0613879273996
164.088353503128
52.0565486330644
155.263774185591
332.71912902256
132.524815351179
207.425227842092
198.907419879795
323.775357288311
175.640272109635
322.193568515559
175.477318021761
216.883744955317
229.335414181159
209.482968002789
182.274306506003
237.695579256358
189.420440004721
203.881321066915
188.934428784391
321.594278759276
135.780524819162
8.75103323711509
165.126319108688
284.277058994107
1.33173712108468
172.238260436469
296.07120160707
0
0
~
213.004991516715
231.457582890817
187.96034103238
220.118658236257
46.8014337134825
163.084618337261
53.6866192637585
154.534218660585
333.175142659361
130.070351040814
206.514081117545
191.353542780217
325.193200530582
178.492094106669
323.659574359042
178.434568822512
217.320744368283
228.621752452797
209.563589325111
182.599427667544
237.82312195994
189.366226949868
203.886440328746
187.384741642169
322.473119551749
134.306867450938
7.61666783858267
165.20495547742
284.456063516683
0.440355077511238
203.886450955849
187.384732800394
0
0
~
212.717775479908
231.458699136029
188.586080559217
219.838691126742
45.1155189071622
160.789248998284
52.4950172664137
153.67865713739
334.904913683823
124.931696370386
194.765518630836
202.795337423816
320.602950077677
174.014630847909
318.9139223038
173.801621008278
216.632555208957
228.89441793532
209.885089010612
181.86311887963
235.919874759101
188.796899332437
203.780141336616
184.903502801765
321.293652023333
134.374623520756
8.11392210831789
164.929861662598
255.990485189832
359.879410776865
203.780123574469
184.903497951732
0
0
~
213.098074090333
230.726597425263
192.565362615001
218.873255470702
33.0041712832333
158.86766690227
27.7725695594385
143.771777136202
354.028551216535
76.4877983614631
200.397930204936
192.095388240871
325.72051174315
175.934080848185
324.213156375026
175.778300476552
218.700256370293
227.071552867649
212.159149536338
184.047723897586
231.455843304351
186.331681080219
32.1882777068126
145.673084134041
323.846137057569
131.349583235616
6.25151462375827
165.629700848064
259.019417308467
359.782837934138
336.538282766111
170.618513063565
0
0
~
213.595460113158
229.204258620083
196.691213511038
219.428919463461
18.8973295878247
164.137836280214
3.10016237424517
147.996315620904
354.416173309811
76.5688413711006
334.650826603186
159.514467113905
211.575022749858
194.571390981777
212.915339493965
195.134880729087
221.283710682361
224.230285317439
211.47165228789
185.675222415871
233.716989834849
186.622497667195
43.1031981422814
141.205904699469
323.981087798323
131.232877502746
5.96566346314686
166.621666727026
242.081898047012
344.342355337335
336.520605400539
169.948554342715
0
0
~
213.095137259951
229.242639019515
198.186815788846
219.239912165203
356.308154954799
158.367757398781
5.47923858146761
137.837570650647
328.913257572742
121.832655625281
342.904361810474
130.667718538212
205.10254152738
200.186824552697
206.151610649779
201.008752018683
217.571467767746
225.362135478991
212.042208302093
185.144541998482
236.792010263369
195.951537672702
25.1267739525092
126.911531157502
317.812469051383
135.209161453722
8.81062758621545
166.153178209035
239.870947421405
342.459228936626
336.418770257789
172.486293123419
0
0
~
212.122001639601
229.744431328787
198.496202392744
217.477175264883
345.895076064566
157.953333380228
336.865061327346
134.830187303511
328.508859244101
122.089851948894
337.453698250569
114.944805715398
144.616234180183
188.832433086996
142.552625207372
189.278328521413
215.898021339753
226.020581769263
212.419068284911
184.891599002188
236.839529805001
195.887662014405
25.1108712781554
126.171448903147
316.375003797431
136.018362745593
9.38017857823153
166.282735933565
238.802578195643
341.481263105942
292.55093249744
158.099949237851
0
0
~
211.754609610603
229.778541043079
199.410336536562
218.297333335001
342.268817378102
154.556143703143
311.520358882027
144.506001974299
327.813731309908
122.563441306396
337.766223391777
60.5909951353477
355.430664376342
132.458203132831
355.241098501146
129.797866650997
214.256311171744
226.259114771588
212.921029139196
184.566242980993
303.080207803443
174.994591598182
336.704529296407
170.491954490167
315.330784313487
136.473937868592
10.4550918837198
165.938388368073
238.998618792272
341.45390971929
294.154878406891
156.499929609001
0
0
~
210.705051424471
230.391940923602
200.418834797771
217.979760206677
342.141164842419
152.274299920572
315.906160411873
141.708323622981
327.765152589332
122.402666511415
338.402972061526
55.7936220346361
346.655067664645
122.404187526252
346.286567366861
119.869488084322
213.674290227411
226.032118641914
213.38873395529
183.897769780588
301.044026899373
175.114726877116
336.853031633991
169.270159359852
315.192510808932
136.27999658298
10.6947851904448
165.766779965417
238.843289193421
341.305230575898
295.237544809939
155.39517945837
0
0
~
209.921600816394
230.611982548767
194.120605094036
220.598647577788
335.945887865832
148.195928301024
320.72047734849
139.828916682715
327.564835455574
122.519868781737
337.252826563972
54.2771047819288
345.245292167959
116.733587861752
344.934781971552
114.290429362486
213.379421962248
225.246316151876
213.741937975365
183.875348349599
300.243972608348
175.081211422153
336.862540362385
168.311119547454
314.924560309675
136.262077679951
9.23187227398623
166.19155989096
236.627481050567
341.079198512057
336.862550051146
168.311124062317
0
0
~
209.233272530314
231.079114114449
199.012506874982
218.763559628712
342.456199766449
145.460026557284
323.816585331627
135.404560006631
327.098719845585
122.941405515002
335.031337296029
50.7115723610232
346.237325888598
112.406079331611
346.007747796252
110.011891342014
213.12546241022
224.709429796643
213.58392955013
184.042055271883
300.479563263324
175.346439492299
336.885648677066
167.632653130357
314.521450023293
136.476305659382
8.64768191708634
166.456828911419
235.830911553985
341.117456775394
295.485314204482
24.4704660671986
0
0
~
208.138906724583
231.786957577214
200.127120213173
218.920516641128
346.276467367163
142.199817855238
324.145885093065
132.133496595996
326.268113591076
123.759611505517
337.628069208565
52.3251294992501
339.583343794363
117.802585832866
339.228899920096
115.941106773155
212.831788805528
224.840307710538
213.538041909517
183.6771454029
236.455977033933
197.833415999221
336.850962260905
166.943532794729
313.944655390194
137.010031949041
11.3414985318697
165.352278132163
239.052374589643
342.994337966978
291.140977683604
160.145961764159
0
0
~
207.613521368861
232.355311751483
194.124701744434
229.429379613927
342.91637136407
138.413968243045
335.4798578517
118.329968049283
325.09645004198
124.962125774599
339.900476862139
53.3492820239807
337.873460203031
118.601503818588
337.504944659564
116.89455004786
212.617250944678
225.087070471583
213.54169563264
183.301960211265
237.829296532121
197.461191361293
336.889399751549
166.928933597122
313.751735873228
137.194033528068
12.608383442281
165.81903209627
241.71380132496
348.131423029659
302.273007597938
23.0746089317473
0
0
~
207.309472759686
232.944051884827
208.116699598109
214.76642137435
356.635604237728
134.036057039073
332.264115132594
118.328811158719
324.438033391304
125.637417204612
354.381713910011
49.4336605367536
328.60056249311
134.463800848574
327.732443802437
133.002272197414
212.015168637291
225.510128283409
213.378001087737
182.746758224409
234.48693866498
192.394973215538
336.917984332823
167.055046506354
313.708883853346
137.189071938265
14.2089543768695
167.020496834823
225.81227538437
195.176272938385
336.917983937494
167.055050542096
0
0
~
207.136845034559
233.240824083969
212.69695711282
209.372884517949
0.978762934928165
127.866943192917
329.739223467089
59.6466927729092
323.284356591894
126.906926998231
354.705726472291
49.6097881110443
325.670230276521
136.318331578244
42.0267657794204
136.096614739679
210.766603402896
226.665261155752
213.140368263774
181.306512384244
235.616358159805
191.590778822121
336.994602912897
167.525080768201
313.322707703392
137.352647781921
16.3803374817616
167.741717026419
279.621617873474
1.85309373632437
336.994592240839
167.525087114698
0
0
~
206.921632916088
233.746151649582
213.423844447914
209.659869689596
1.03440001464594
119.408441348926
347.105038529044
103.123273773946
323.616941773089
126.603635551341
354.77666795689
49.6705855369438
322.405421807958
137.32871620125
32.6000162325839
134.013666707204
208.977443252539
228.329899754769
324.782949173783
177.913839165949
230.607742617495
187.708858466071
337.429226825794
168.097782078601
312.151755380527
138.028789606258
16.2146586713906
168.644476804705
285.752844678335
0.506723389636114
337.429210419951
168.097772348984
0
0
~
206.843738013667
234.137512158562
213.528213958538
209.576582003942
0.523808387669041
113.30649777392
347.076124729665
102.925030118187
324.095887106253
126.084966199502
354.842968281955
49.7314570960785
321.85267058614
137.556211729094
32.5311934328932
133.62082285236
208.126362764834
230.001535898224
323.706503328672
176.468291573997
233.439237131913
185.505656660984
337.496397757412
168.274075581757
310.062860764993
140.418857392287
13.2695434470562
172.557398272198
283.298935732768
8.28541151069498
337.496423516035
168.274093775549
0
0
~
189.453911451214
251.582169871515
213.313718457182
210.835505518796
0.950719860335598
110.364902383276
336.533732850446
58.5411455418721
339.298078888188
68.6083049277427
354.883686261223
49.7653163555796
321.09529321264
138.11027948735
32.3852808042177
133.662401988623
217.323615160649
218.37913285615
327.815754610677
177.907909597237
234.148984501452
187.5691509106
342.525381396275
165.824126477619
310.710403910309
140.510176577674
353.434701247963
158.97280052646
236.900143013395
345.160112236769
268.040622020744
180.29822998493
0
0
~
189.963552804207
251.036807376726
209.840968194084
216.682160355577
357.182199878946
109.602037167714
344.669371572059
72.9357059991016
339.57241171096
68.7643483450647
354.898217392541
49.7828669507732
320.680851093412
139.015391337326
40.1129698221635
135.785785912013
217.290331169883
218.7561130861
327.780654081571
178.089818750466
241.701201754018
202.945741766799
338.175846029377
167.486883096082
310.995704982007
140.222290037286
353.585604791989
158.872746333293
237.35347416687
345.409224429399
268.630331656192
180.669461955165
0
0
~
189.959104793502
251.070993959129
212.113485752423
214.405553524969
0.353816367038813
109.106821455461
341.646880962539
68.2017495633424
339.798202779301
68.9155852308392
354.909476687973
49.7870184271568
320.459109238603
139.272676352254
43.3002582282791
137.872372765004
217.315092489794
218.993694577173
327.709664056837
178.18006300605
238.940107280607
182.593408509022
344.332946085208
167.1208941753
311.302228780606
140.004609662461
353.823116404336
158.745665949768
237.951776973182
345.548776315956
268.106643627119
181.777293803868
0
0
~
190.122903979582
251.091315063982
212.715822428669
213.836436516993
0.749602151555479
108.51371548326
342.086596362599
68.2751904403874
339.633889402343
68.7737496799844
354.914396886679
49.7924435064902
320.684813551296
138.770808993027
42.1344724891842
137.912055836266
217.4287875535
219.210113175311
351.942960697355
177.926617841742
251.244341121534
192.65696848217
346.425820986718
123.526685802368
312.397792641174
139.170637270459
354.04412008063
157.954481207853
236.427358254832
344.235737510965
267.064182923191
182.7710391321
0
0
~
186.428037095733
255.460906231813
212.841401194867
213.765759324518
0.667595887167278
108.321665974198
342.203877134157
68.2253089956258
342.867390645738
70.7722627975006
354.918695112554
49.7953452379381
321.580577046654
137.663015976292
40.5270043585197
137.832120478606
217.04089377752
218.481956068066
351.594092849086
178.221897128146
293.956071977747
176.894861967228
114.851793518221
357.180537773216
313.815222346955
138.248348986979
172.956331257091
191.98261417523
279.748971026671
8.56087552958217
335.820897303282
167.906600763045
0
0
~
184.979977766147
256.81682274343
212.896846244018
213.938288440272
0.266685614165942
107.961186579508
342.023711395923
68.4106765490766
344.213753014388
71.6662834091244
354.922474970242
49.7986362686868
321.951792116333
137.758530960874
46.0953383619451
139.390314262381
217.724800982398
218.405588099155
192.624813044302
180.995893794014
295.86209931232
174.529397781898
147.322245943833
313.268144168821
312.877214168997
139.264212911087
172.732167711812
192.026328265456
280.001025394534
8.74920201774848
335.943268413675
168.031005681359
0
0
~
186.057026651846
256.282429043632
212.958187404186
214.113885301586
0.105599425583564
107.980530792226
340.451615380581
66.7255517661318
343.178822396699
70.9404373794459
354.925312988731
49.8004604485007
322.507542341353
136.83083019724
44.771064762025
139.391783191312
217.862639544401
218.238392367479
193.334422325353
181.721091408088
296.295427833624
174.014440399628
146.106885347639
314.998450209228
312.62013526015
139.495571613494
170.718458622826
191.589884154094
279.903792875937
8.57172684205487
336.028106136016
168.130380518916
0
0
~
185.883782089442
256.62900663114
213.207257327879
214.186319233245
0.240752543110627
108.076903397253
339.735360598323
65.8037518938562
343.489629588639
71.050510786069
354.92711505945
49.8018199148174
322.748046805178
136.363301464082
42.1176557646042
138.036203941457
217.962001170579
218.145379243341
193.456583541779
180.82815052231
295.674407760537
174.952150454122
143.499807249938
316.956747718721
312.333319301603
139.81854618237
170.674633770379
191.552472028949
280.2267912129
8.64718449291868
335.824434835054
168.120440219505
0
0
~
187.702338889532
255.36977294808
213.330261829611
214.271616102209
359.952416176169
108.048372908803
347.080912625751
77.0654251133451
341.782872088878
69.8664497509219
354.928907126055
49.8027151815772
322.778978531121
136.108944786351
41.8371878180164
137.828029349511
216.713238726553
217.568731192838
195.147999967393
180.971259307616
295.246158887754
175.43800394795
135.846890320183
328.073157305787
313.654167287304
138.557562421322
163.930608476939
185.810134854927
277.946324954039
5.44212004104539
334.989589360544
168.172749841084
0
0
~
187.836679648373
255.238680594038
213.432925754922
214.227215597914
357.932902973545
107.470982882923
347.628109524579
77.614994528057
341.367084620467
69.7859672739372
354.930375941551
49.8031514220418
322.58802951415
136.462307949595
44.0013613643768
137.236728056408
216.783589278634
218.030131369087
346.651748627527
170.000654119535
247.239949621285
193.210261569406
68.8091024338137
21.0620646904809
313.085074738118
139.185968116482
168.491050987416
188.882066753901
279.227881241515
7.09977822364339
335.074936723295
168.239956591067
0
0
~
187.884184086411
255.115703320256
213.537413140817
214.367334935866
357.838481389204
107.571123731702
348.142146112468
101.871786761845
340.986783957872
69.59114762014
354.931375649234
49.8034075941041
322.688827436353
136.332289314499
46.0502578897328
138.075935808188
218.302445811161
218.820567851565
347.068069945308
178.937308183618
247.206718116511
183.779527203557
15.3607252268794
106.320413150723
311.764727110713
140.164114529147
170.9392502034
190.392734655896
278.873508538755
7.96171748339739
335.647164514628
168.337762325917
0
0
~
188.006522398845
255.247932390539
213.625461562883
214.344653491977
357.385228358373
107.420479851515
348.268649788129
78.2683125609817
340.875077198276
69.4256117422023
354.931705410079
49.8034928052703
322.934709635925
135.653841747776
44.3478035784885
137.815240649029
217.841822332373
218.792573233938
346.742362796031
178.909568507038
247.193471541352
183.713812796778
11.5609222867077
103.612441168586
311.704302706131
140.409278905636
169.416442873948
189.152894723892
279.541454107224
7.73405161348498
335.588173095705
168.229972261506
0
0
~
188.175974661391
255.115085074124
211.294846310031
217.555476503807
354.862853729198
107.89890613795
348.545612633169
78.5305409169946
340.591611719994
69.2255545935444
354.93206326868
49.8035182603885
323.070634207543
135.826772604972
44.5300677251568
136.579723591777
217.817757619199
218.803761514038
194.401581983018
185.224719201888
293.87463708568
177.334901259944
12.9764243480937
104.419253219854
311.699429536629
140.420300843877
169.22224758643
189.027446119364
279.423450866836
7.6940449563188
335.632877630812
168.256407813852
0
0
~
189.433409841597
254.241590340539
211.191731685939
217.249972879394
354.463171090364
107.885366945166
346.247063528706
74.7787129340263
339.296193024051
68.1336696792421
354.932299720381
49.8035038461351
323.346767813136
135.026735307546
40.685945803078
135.500694879133
216.753575671878
218.740286623337
195.40507637081
185.808609072122
293.966650080202
177.098028324645
11.4269218940146
103.605957579999
312.822745521348
139.507089303234
163.176134904307
184.625893060428
277.976087026742
5.34200157167568
335.265738602282
168.251202001579
0
0
~
190.231804899975
253.562608967331
211.170990297816
217.469062293911
354.419420753389
107.994773130153
346.411654327502
75.0278539432325
338.635983148935
67.556350680133
354.932440566253
49.803367870833
323.399158162663
134.956626313397
40.5331010336973
135.550821534669
216.082511896136
218.698198367093
196.180996013646
186.103951057784
251.262210119558
187.218462283414
15.7179071716008
116.954473915928
314.353830701602
138.167553732763
24.977491425786
178.643499948036
276.824912779388
2.26749947249813
334.804287107712
168.182502247912
0
0
~
189.619879943835
254.114668558151
211.6718746321
216.987854230845
355.032252849254
108.034814910467
345.809957649335
73.6891581786292
339.321727519098
68.099151486327
354.932596973909
49.8034095838473
323.502693678589
134.754495237526
39.1668308699018
134.765406146315
216.518247388011
218.868324282845
194.063819751146
185.196202004528
293.033728054981
179.195193762252
11.0768398460287
103.513012459406
312.88379925501
139.529005772546
162.679197575251
183.287189739653
277.287232867623
4.7681542180958
334.973546484297
168.176798515272
0
0
~
----