@1stMotion
204.735858797684
295.923375048945
219.727227008917
313.602270445215
290.521339109312
160.073934177533
281.235245478072
11.0155029067955
333.505836657376
60.9798462716307
321.670806390019
46.2308689288138
251.399706163068
198.309475804113
244.765576747183
204.238342272274
223.408583872969
226.416255261745
254.911766985054
189.258633899342
258.161833356103
353.364983865512
243.261177391625
190.47062932172
313.453537147514
43.4271985571442
276.523969231762
3.73148388388728
267.112776202707
359.658516760813
332.237067728522
177.364478736898
0
0
~
205.840697729512
296.510097597639
221.165927192318
313.866719648231
290.252868983044
160.811787790741
282.80623746628
168.888394237002
333.501657344799
59.242536830356
318.260805237512
41.4122498373835
251.081313556999
195.229985870612
239.814858038911
207.083148065652
223.517541869234
225.777294428421
259.527978035812
349.634715030133
259.284430270401
190.690936847129
237.525630690796
202.62417625541
314.036643058431
43.9753918623707
277.50980163917
4.75962641269142
267.019949641309
359.783415808046
332.271192892174
176.598080975177
0
0
~
206.385362785819
296.565500058865
223.546770580916
315.377076435933
290.891339292015
160.124615013176
283.685375186795
170.198162516268
334.163175426311
58.841403257461
314.891905345677
37.3469028663914
250.111443008057
191.819303785267
226.533244002976
213.623612269218
223.554282704159
225.231936004291
258.959796032205
350.18060597771
258.506253439496
191.10091363206
238.222781094175
202.036510102278
314.44271151651
44.3524463575759
278.358109165393
5.86242311779504
273.426888091805
0.300571385169479
332.427891960747
175.65909372476
0
0
~
206.266431130119
296.296463041589
225.73080296616
317.071428404568
291.101708064133
159.743048767476
239.312934013147
207.527952575347
334.948343543626
58.8797143565067
313.413842105717
36.140992450834
247.525517837115
192.718601029189
224.514630070523
211.188901339349
223.914951226649
224.543777729879
258.896907593846
350.604327616679
259.624178862561
190.102504082584
240.128691934209
199.281299520485
314.464133293821
44.3623368598149
278.746799384732
6.67732740992632
274.440626594031
1.46244932451386
332.76740632276
174.594676520007
0
0
~
206.963682472054
296.978913640944
225.438259530969
316.372376970426
291.249399632786
159.563914797778
236.35681507066
213.364493734732
335.221965280162
58.8565805166343
314.04566418785
37.1996144265976
245.544358631062
194.541537236008
236.799730761208
202.426635477135
224.452862749757
223.844291768577
259.523246120259
351.103878899085
261.162166834192
188.801349687787
241.908328046987
195.754718293024
314.321829782886
44.2195181855561
278.548784901693
6.71795371757664
275.932972092085
3.4433512455065
333.322603065672
173.221758351262
0
0
~
207.387587160512
297.405725150071
225.022878430877
315.806726396055
291.423279281485
159.612723777145
241.725059504814
208.249585767793
334.573533846121
58.5256254633802
315.413169254814
38.7821067662913
245.361518179993
195.231004426695
226.44575728266
213.57055094072
224.788477079767
223.415493149232
260.229066324677
351.667848956772
262.390517071916
352.39527379636
243.099596815256
193.362698837967
314.103363410482
44.0045619553116
278.76074314584
7.00041101052848
276.945047600759
4.87878977997216
311.459466424181
168.258987775739
0
0
~
207.647774301302
297.695466823733
225.090832515863
315.844141460849
291.642385914822
159.716438766
253.860751978153
196.133251382213
334.60978068425
58.8707246642034
315.551965208428
39.2063532901405
247.29134200557
194.144889982619
223.018164899917
218.604723013357
224.962397641792
223.227019717707
260.908462618001
352.266437160456
263.439892653459
353.507366754922
244.113886359637
192.132358615907
314.20200762443
44.1105888967694
279.251832312812
7.46705315695797
277.593309989148
5.84734163394663
300.383701557127
164.246426483011
0
0
~
208.324107095371
298.426756892925
225.13114016629
315.856690992539
292.50107450342
158.969833438116
260.199693289959
189.49602610472
335.285237410709
59.733389980964
315.276629389377
39.0688095204167
249.893345899363
192.36943880631
228.035058967762
215.245368119689
225.143281762429
223.085563701295
261.538687128933
352.821681338004
264.353340245153
354.530631618428
244.930879562318
191.402077828
314.791385862665
44.6978303783029
279.545149966819
7.65481368088894
278.241165184602
6.8257778694626
303.077296125203
163.469131550399
0
0
~
209.002754403706
299.173007910965
225.14966865862
315.783657420188
292.923096370805
158.550577165306
262.614350209872
183.373344578784
335.896801845099
60.3891363444741
315.355025976539
39.0935168298334
251.005905622067
192.424167044004
236.549686341129
206.359597498525
225.401115993559
222.908490503484
262.039833458174
353.275322913831
265.024074514465
355.320589970077
224.711708132673
180.047038479923
315.451822831049
45.3537603988782
279.876143512464
7.95081702286264
278.648598550539
7.42250510652703
315.442096113891
167.931028369923
0
0
~
209.613978968204
299.842030433764
224.98156718464
315.409807783001
293.169936125209
158.073620284053
256.25852052622
186.87093037062
336.500848901464
60.8712238188091
315.827670760182
38.9542557096773
252.305823097448
191.722922589692
245.31419214374
195.525969020964
225.800905025717
222.599526706236
262.402391717692
353.620968151548
265.554375541623
355.945345109396
236.557016364067
183.73257263358
315.97494941522
45.8696740029635
280.16338860843
8.24056396414007
278.974158020011
7.88119375109544
308.511941465926
165.329089194089
0
0
~
210.198149444518
300.444143616289
224.739781988659
314.977135369151
293.530822189588
157.351374392722
240.223425251228
204.695080453578
336.733352411546
60.8914762774102
316.423381984049
38.9674210045927
253.4240157481
190.788089086357
249.223720118345
189.601031568271
226.136912311419
222.356467823665
262.622513571039
353.830495339653
266.03350583344
356.501622360346
242.667833059074
185.858690371507
316.481603738612
46.3637382133605
280.285948670479
8.38271105842054
279.339212008486
8.33581097824703
303.976624722599
162.794915766471
0
0
~
210.290846491617
300.47096519233
224.798533904567
314.94631279031
293.781325125248
156.771049873005
239.787075205919
205.794348609031
336.853930721121
60.7535779690363
316.649848285092
38.5689990806576
254.657430024405
189.38480692077
252.119874019768
186.727668810519
226.328448405289
222.269574777139
262.853167658969
354.067756497553
266.474210729462
357.0088024502
245.682243245375
186.870626800586
316.83483855559
46.6961554301687
280.429131209553
8.58820869509499
279.640080931531
8.69591907979911
296.862440558195
158.652260536295
0
0
~
210.765844947381
300.92790115774
225.120436695668
315.26840472566
293.520875240662
156.83596400968
246.340472323369
199.967018216219
337.271666096455
60.5353698909341
316.269386620458
37.8168012567429
255.333174960021
188.58702508121
254.872357032203
186.298437591385
226.630488920197
222.087643059806
263.17016548589
354.427646639711
266.875996131415
357.464761590246
247.100603905324
187.385984121372
317.153421868086
46.9726948002826
280.646890481786
8.88179630463366
279.978020698549
9.10651417144703
314.941135316598
165.14065671623
0
0
~
211.11231835215
301.254035409078
225.426635663198
315.626422370367
293.468240430602
156.740680562524
255.343663309789
191.421583068928
337.696138583954
60.2506461732929
316.057243028005
37.2949208767635
255.328515362354
188.914378886003
256.326107097275
187.667544116916
226.908528208081
221.938083084752
263.415725641049
354.722565555723
267.387358454666
358.036326679426
247.798405850056
187.602934545054
317.495222773433
47.2558707478396
280.774137130497
9.04458559232243
280.408063208071
9.64529259620343
332.587861781872
172.109881701148
0
0
~
211.121564076136
301.23859622763
225.588852349041
315.864761892058
293.201969997098
156.888298356482
261.718854678612
185.152042564249
337.502227772198
59.6176719713807
317.375317841002
38.0350695788334
255.160556022133
189.672862483435
257.113202658135
187.905058468529
227.035897025532
222.06215015342
263.907732395499
355.307378583527
268.048320589822
358.776931345849
248.164499826273
187.660860549886
317.795294802798
47.4681650073994
281.181008420852
9.49364466795498
280.907097668076
10.2947783774653
337.157515262893
173.759496494589
0
0
~
211.015001013884
301.152466909241
225.371241923528
315.65445233789
292.948716031644
157.053367311123
275.18863656593
176.968046758715
336.839613657821
58.9865591136825
319.771923268194
39.366199403084
255.629234836309
189.758356871919
257.100969542267
188.572222254267
227.424435286457
221.899990712479
264.173347541118
355.679366624363
268.791089219737
359.706826113827
248.325448680145
187.568373886342
317.847522805361
47.4051237865625
281.704622986403
9.96676197352928
281.596371667617
11.1956891758011
312.544392290622
159.142197601717
0
0
~
210.50767391503
300.666062883293
224.928839081479
315.184057781906
292.984364700062
22.8959231208562
280.822663460153
169.376564573337
337.253849474301
59.0376900989011
321.156039055218
39.8839015291901
256.322488955784
189.702688249001
257.172945727577
188.785334283216
227.858437775608
221.593668648945
263.981202260558
355.643479644005
271.004728310892
0.760616060170311
248.361786557654
187.316813997795
317.879713289835
47.2754954730908
282.091749489905
10.3063130519472
282.269334647969
12.0176045546327
301.590256335914
150.215324248019
0
0
~
210.189874341009
300.308543190622
224.895433299408
315.214177213917
292.818534095785
22.539719438429
284.689633668667
14.6887288456279
337.646938319266
59.1864531539824
322.308896826396
40.1584528357572
257.583960957525
189.152307594787
257.555065495364
188.760560656811
228.184826568678
221.348519217792
263.821380483386
355.61174785135
271.495224470599
1.45992503513269
326.17391556369
173.344043344712
318.078239733174
47.3253685622085
282.214338353882
10.3910988936632
282.765796403861
12.5762652983208
302.251000153262
148.121658562639
0
0
~
210.290130353624
300.382334765936
224.977721927255
315.372799703847
292.562299764082
22.142874367718
286.026461383136
15.9481554233533
337.79817261928
59.2538968974342
323.256577813538
40.455925590909
258.277921510153
189.135214342962
258.294873695628
188.617616670036
228.43318406805
221.140163252606
263.72248274319
355.597155424994
271.815045152634
1.80670689554898
334.927588363118
169.957967228385
318.30766438635
47.4478097370423
282.002540005385
10.2721275098068
281.60549529039
11.0442956876531
310.13302431159
161.283575060913
0
0
~
210.377929464709
300.458471717724
225.024960793033
315.466459746914
292.356794252496
21.8595306364348
286.3132254383
16.1548693031135
337.968556961539
59.4006743938836
324.093754017655
40.8671007655138
258.453896683263
189.347783164911
259.250606045977
188.219321498622
228.599839686
220.992162359088
263.667226454956
355.595644185911
271.944035721513
1.93993477021424
338.26240672558
168.597281830796
318.487960354756
47.5649729419759
281.528350308645
10.0312573089941
279.676398209323
8.08871267101282
335.735075125069
179.173219923316
0
0
~
210.383985810066
300.461677115942
225.162144362117
315.663013551535
292.078359251814
21.5945875370853
286.350206403583
16.1602266618525
338.144118796863
59.567318278847
324.936582395424
41.5271801833512
258.167327249995
189.71966429028
258.962770799261
188.186544652809
228.715701392715
220.872989741566
263.605750276081
355.614405290085
271.968589838346
1.96469210339524
243.73649996769
184.716028766913
318.743494448128
47.8339045372478
281.252366561051
9.84408139547681
279.279626335538
7.02811986044274
198.709032954416
181.021208316202
0
0
~
210.126021101047
300.231784894862
225.898708750358
316.508964327757
291.014829195826
20.7551852256182
285.340298243179
15.1501608412526
338.343031107365
59.9587418388984
325.644320781993
42.3878966949491
257.667694504793
190.042492329611
256.977819276589
189.101787099376
228.808103546766
220.734039735073
263.557323265635
355.694243737185
271.80307326058
1.77440064881222
250.841535614404
187.892720487549
319.305685817096
48.6440882631575
281.217041358664
9.56468106666059
279.093711215938
6.51287954092282
307.900572210227
162.004748147962
0
0
~
209.66680197575
299.851773124343
227.178228848353
317.804086912591
290.007756454245
19.9937362603913
281.115691368035
10.9531905211501
338.194673340006
60.6132690132593
326.75176152908
44.8037722594598
257.021000044482
190.280650083786
254.267432973916
192.437804021439
228.849719249203
220.58383555902
263.512690069862
355.803010910047
271.47480653141
1.24534266384865
252.738778957948
188.811454396066
319.766912316219
49.3675835659407
281.619919919017
9.19707177927644
278.578954048455
6.09511311651385
298.338129327551
151.669159110936
0
0
~
209.645941541818
299.947578407466
228.319083997632
318.842011643044
289.834426052022
160.259618847257
289.460378966294
160.542119900724
338.759704309848
62.0725283707159
325.945197445028
45.570342577518
257.098749071432
189.224301071418
250.036449827354
197.280757702603
228.793893611303
220.535884525761
263.512465944155
355.891219531173
271.46767692397
0.481353737499162
252.064351352144
188.397966501695
319.805440207931
49.5678791416353
282.124880966346
8.76054188095811
278.062670142895
5.78492741212172
299.796531299087
29.4213357808389
0
0
~
209.911047046968
300.276653456916
228.680518354119
319.072997033018
290.085729929157
160.291831244229
294.08580080544
155.996354211887
339.032659665995
63.0551286817397
324.251337378481
45.3243248242248
256.717677536432
189.438979259056
249.12170922404
196.320042264623
228.56443402479
220.690490238565
263.31063479586
355.685614076469
268.180690782221
359.855892445648
250.541897353145
187.587803583604
319.327656447738
49.1693497209767
282.564263923088
8.41825437902414
277.571622449525
5.3351810995578
300.07829046636
30.0281164245225
0
0
~
210.148482684962
300.445777072032
228.585225319648
318.898058359761
290.494941308176
160.183612677872
291.205456760314
159.04515911607
337.976928243061
62.8778893366552
322.85177507397
44.867172198952
256.580802615175
189.450648909604
248.49150205077
195.933694402541
228.199629063632
220.984679694576
263.008409099488
355.258094159788
267.869575143372
359.412941656413
249.510345680663
187.001272889056
318.57195865729
48.4597097152416
282.663607854798
7.99337883975679
277.403781011032
5.12277676458389
300.186008743378
150.032681276081
0
0
~
210.275567311719
300.547666653705
228.555047915531
318.878752927408
290.924549690352
160.053481690906
289.861418509572
160.59883179705
337.013428667368
62.5088484351726
322.292370421658
44.8199188986555
256.46254277992
189.402961249353
246.992704649797
197.033339242314
227.9278110575
221.204927674466
262.749734526004
354.86763561107
267.513484192224
358.906883780332
248.450066941271
186.124955344956
317.954830399468
47.8731123803919
282.717011739889
7.77646829138072
277.438985338149
5.05786628896005
300.280073345104
150.6979254527
0
0
~
210.375895918213
300.675090856895
228.384341554406
318.870418717415
291.213645855349
160.15706267079
284.447124168285
165.565758320184
336.360963636747
62.2220444570209
322.283382662158
45.0128972717326
255.408560861935
190.250634336884
246.875414097262
196.727005611961
227.664004537507
221.43408907009
262.550756912876
354.53710454
266.611466069446
357.818993525056
247.083505013199
183.590207220499
317.532450035307
47.4753557168023
282.704891602387
7.64808905141992
277.600665538917
5.11284733876027
300.068558383525
151.902493012056
0
0
~
210.345250553544
300.678865033846
228.215003407174
319.009790467573
291.662523325959
159.871630759973
274.066385771875
2.06715232605846
335.859784339024
61.9728204570879
322.339418069559
45.1358528339409
254.892297899069
190.580054940323
247.139966453506
196.12258633448
227.425019133721
221.653191178326
262.388057944247
354.265203333484
265.743038008906
356.915513211811
245.5919855244
181.443808884698
317.238446756357
47.2022802025417
282.639488492366
7.5544102318501
277.719965385833
5.15361967909854
299.849780935819
152.820768867099
0
0
~
210.276645820816
300.669117877562
228.204084382182
319.368645408088
291.705763889234
159.680643634057
249.959903738554
341.971265023462
335.518504501799
61.8057726084666
322.279927028013
45.1506009037774
254.256578258549
191.078938895263
247.329613418849
195.637401432387
227.241158284978
221.831662569674
262.158074541141
354.008871490474
265.447787122379
356.456399248938
244.687557600108
180.569883491673
317.053442531184
47.0321746104405
282.506886319109
7.46711782312266
277.797548586284
5.18363280004172
299.603965960958
153.539666453828
0
0
~
210.137705846434
300.631592720817
228.186170073279
319.667922777611
291.632527556197
159.632131358921
232.027145331431
325.261087219147
335.32024816374
61.735815843361
322.0202224736
45.0077033274201
253.702586462382
191.546964417556
247.533479312173
195.189267276239
227.148295045824
221.994181935781
261.995833020508
353.770224702558
265.3675308071
356.195431342278
244.145138583791
180.572867395844
316.943294445526
46.9322073705152
282.299989941643
7.38591922665722
277.864222923822
5.22121893234178
299.49956012184
154.171832707575
0
0
~
209.904771665747
300.545307208606
228.110110360636
319.786950117478
291.658182413311
159.629780505841
223.171415137919
316.30318950817
335.210439417324
61.7450126989912
321.699878728771
44.8325783790358
253.267929331298
191.950349438494
246.571305573901
195.536544781698
227.063995572606
222.192240225058
261.997240477997
353.61016317723
265.309550993492
356.030624999781
244.032781217844
185.553319129841
316.886695676369
46.8825332283615
282.078331038867
7.34020618757287
277.900593727706
5.25137906906666
299.58291126373
154.587110263536
0
0
~
209.586109035481
300.363375019185
228.168623413725
319.89003655438
291.716702054757
159.643097135583
220.851777239403
313.748913512875
335.249286384921
61.8519364237644
321.389699217554
44.7610881719332
253.053192198672
192.181555201536
246.15911154564
195.868709398618
226.999285382567
222.314597383836
262.043561748587
353.517941940812
265.288189593177
355.932817974146
222.053172718202
183.116874204001
316.864435055415
46.863201618082
281.899556327693
7.31473818785565
277.895584265013
5.28112429917443
299.788069688331
154.81518892309
0
0
~
209.316978845692
300.170295961911
228.347081488421
320.001933366151
291.744187065782
159.668453774775
265.304411137363
183.584938924751
335.440687625091
62.0577765978603
321.077927168199
44.798359667677
252.943721568146
192.32589793421
246.220748258606
196.180759290283
226.957191732861
222.363873538618
262.09751000653
353.469729540238
265.236411542122
355.84262414695
336.792799196478
178.733291613514
316.859357446609
46.8587518020381
281.77127157189
7.30087062978482
277.875723950645
5.30527268403024
300.025841016092
154.94260966209
0
0
~
209.115892501417
299.981116343793
228.625946636183
320.186736500719
291.712181264068
159.762611424638
281.289574758576
172.655325617732
335.771846044927
62.3590500694352
320.682840845915
44.7528921156177
252.784808279173
192.355437400276
247.88353793727
196.440229148971
226.944115891629
222.359867974304
262.098255808869
353.388097788116
265.216703635993
355.82609590047
341.966185370751
177.405678643516
316.858520441798
46.8578232723208
281.686368538616
7.29500590294984
277.857371469363
5.33116156382774
300.19172378109
155.028329208608
0
0
~
208.982165160676
299.817922283955
228.905636952404
320.373274805516
291.550604631669
160.041611404104
286.8301083215
167.736024762057
336.064427016361
62.5546748243174
319.844255935798
43.8637612269558
252.343535169491
191.829277911094
248.548768088399
197.366813278036
226.949229046716
222.322103741819
262.069217445641
353.335791270576
265.225746302673
355.8072011396
343.542792361181
176.516240578406
316.85319557197
46.8520235187425
281.636948848925
7.30769015253562
277.846624880257
5.35711609002812
300.33504544113
155.076810212094
0
0
~
208.966921971103
299.75344387761
229.132483442388
320.472602930521
291.313901551807
160.45801479782
288.435328134014
167.484746930078
336.255346576475
62.5919947048049
319.024460254061
42.7371196311533
251.796130646776
190.999271118028
249.154660333382
197.723226516157
226.964743771665
222.265420033653
262.053018197797
353.317692316741
265.193757074611
355.743380800647
342.861884538157
175.830309175378
316.852104157937
46.8499570417636
281.605853642688
7.33316442703365
277.844961232163
5.38633040631689
300.438746571851
155.10113710563
0
0
~
209.035403871405
299.771463903599
229.300504377438
320.455512389687
291.341829111419
160.534949502162
288.971662124323
169.39891316469
336.410159299968
62.5721833298392
318.684069204898
42.0071510206249
251.328172180467
190.261217068992
248.070355717674
198.780694528867
227.000121425865
222.177794241329
262.049206777222
353.328159430044
265.176473072855
355.699122520023
341.27458408725
175.334580726554
316.86590526552
46.8623656771998
281.593894304502
7.38062463741625
277.84787095709
5.41481271381713
300.508764026658
155.110833691056
0
0
~
209.134045788984
299.825062678299
229.41518645828
320.383253495421
291.578043210039
160.291008298314
289.400023274432
170.040936052395
336.506768042001
62.4140302802884
318.35477017104
41.4960014758259
251.048715363944
189.996021713
247.121511270558
199.382915772042
227.033828629397
222.085051354736
262.020671398178
353.334014032822
265.224273214503
355.714139795725
339.615362502968
174.912960372396
316.878720189184
46.8733007939248
281.568404413585
7.41822870521202
277.903129212448
5.48412998420801
300.555743607459
155.112218014526
0
0
~
209.239800900775
299.88656322649
229.509349875127
320.340708009134
291.819648155712
160.013687292639
289.346599498413
170.692575993317
336.580664410257
62.2815113773313
317.959339578334
41.0361688413663
251.072973813751
189.982709851004
246.183137667814
200.060029290397
227.076929122947
221.977115478984
261.996395580092
353.342206456212
265.277058926749
355.741394521882
338.300317372151
174.618688925972
316.879716658402
46.8712916364335
281.534539585248
7.45431182681314
277.969808180686
5.57015809383459
300.588890852585
155.095754478252
0
0
~
209.316615456274
299.92199020308
229.574130109823
320.321205453911
291.906128513115
159.892598372195
288.754541833954
171.149305029662
336.666822983767
62.1672462488801
317.284518503316
40.3750950676985
251.367715112722
189.920797432024
246.051246584492
200.392679117436
227.11594674269
221.868141352787
261.942237844507
353.323969567233
265.398328141033
355.832917412067
337.302341306854
174.385949601834
316.855928426873
46.8424973298952
281.512891918629
7.52185332983897
278.004105316998
5.6297497260356
300.580273644221
155.077753236356
0
0
~
209.392114995894
299.96098135327
229.585867601175
320.2860510249
291.994192884531
159.76111320621
284.987455468131
175.027727917835
336.752162633118
62.1048491855724
316.638028632626
39.7647888261351
251.890332506363
189.875144375435
246.72684130041
200.45584534716
227.154900729189
221.760372734281
261.902125835249
353.312250463822
265.534874887147
355.944977442672
336.568277503431
174.222470688363
316.834146175964
46.8134792204999
281.4716113359
7.5524329404848
278.060676375307
5.74469483905143
300.491610309783
154.892190667168
0
0
~
209.44639629957
299.985250294002
229.576931209182
320.257063403726
292.05730950698
159.662415059842
282.614906663895
177.764303492682
336.837164276042
62.0647557885393
316.156043047833
39.3431888298098
252.421038187066
189.759475669315
247.73422969403
200.246282194569
227.187349385138
221.666693948207
261.886475315975
353.313176666892
265.65611140832
356.046497693223
336.033102916351
174.100144854225
316.819818604602
46.7884552530419
281.438470182278
7.59270806855785
278.085869411486
5.83770158843235
300.27061080858
154.812404446685
0
0
~
209.481732295513
299.997151111801
229.538622358494
320.214306271785
292.042033014696
159.639728008497
281.140410042464
179.562219492868
336.922401574171
62.0432103143394
315.80578399784
39.0747137334662
252.883562105898
189.61709691219
247.573571089943
200.195558555067
227.211831990322
221.591916218038
261.824353474286
353.253173615364
265.825886468575
356.202994561584
335.61329166414
173.995748988987
316.82136613651
46.7760500085011
281.400097872784
7.64996542346546
278.09872849401
5.90034257307374
300.118705198443
154.776228604516
0
0
~
209.499360243951
299.998425742313
229.506350208782
320.186096430694
291.95429888305
159.690291115416
280.087630252831
179.392370467691
336.994188755576
62.0303449633058
315.594625849881
38.9430825929813
253.215118298953
189.533491306845
243.305372410991
203.314499039903
227.221879206874
221.545338958461
261.819180860959
353.243906335525
265.941547880936
356.30227854602
335.217280672419
173.964799738752
316.844577147115
46.7824305706056
281.351232725662
7.69056234835764
278.097643197289
5.95713994475232
300.055481773962
154.720158141878
0
0
~
209.501232995156
299.989878112769
229.470322381359
320.158713132603
291.873340549076
159.735022562043
278.696885692983
177.614107679217
337.045402972041
62.0169385635699
315.500122190029
38.9189492574155
253.452101256187
189.480289904137
241.264220848478
204.29071153194
227.213839505326
221.541234536113
261.856216180088
353.258863163626
266.016779414779
356.367319085406
334.855790727463
173.95931070168
316.881745094896
46.804253089098
281.310324958612
7.72250551890955
278.084153242403
6.00224419891593
300.016195151653
154.689325354428
0
0
~
209.492432536458
299.975438370999
229.432420656818
320.133134157192
291.805474185041
159.770325869178
277.986687281487
176.314849860911
337.05314277339
61.9842086480058
315.526173208262
39.0033747865225
253.633233175322
189.450619199771
237.575510885852
207.3396394797
227.203847775606
221.545828465857
261.89371931495
353.269515246681
266.082797733753
356.421857007119
334.58809260363
173.96408429194
316.919730751927
46.8273132369968
281.267581248158
7.76277588693622
278.067188037506
6.03329226309387
299.992889630274
154.697799844461
0
0
~
209.464791790215
299.947201894804
229.391391120432
320.106870102788
291.7277265585
159.808446362474
276.229673264593
177.185779551029
337.099297007259
61.992894805933
315.551698793423
39.0841292455848
253.787016004919
189.468318037933
246.074646786238
201.128021936644
227.200489878847
221.55252871724
261.936157188009
353.274120973323
266.108969649805
356.435191397684
334.335506374965
173.921384641375
316.977552898649
46.8714943349126
281.212477092925
7.78929190047063
278.030453357933
6.0566539771254
299.768449053573
155.061099198167
0
0
~
209.431384201325
299.915433905513
229.364669847071
320.092167860491
291.668037088529
159.830989323612
276.056113317949
176.583497010111
337.145921488754
62.0095899246778
315.580056817205
39.1554960248072
253.950099515708
189.489251230134
249.109512105131
198.486426232547
227.206937252395
221.552462323729
261.977407306914
353.286921826129
266.141124695568
356.451136983929
334.071606434778
173.935945605042
317.034846943703
46.9188638753943
281.171786094564
7.80526331828084
277.981058339495
6.06616865021112
299.690160139839
155.226175846884
0
0
~
209.400620797899
299.887082850262
229.353900864971
320.089045055458
291.624417059085
159.843074699234
276.15447374768
176.315436215964
337.189499826904
62.0290175267268
315.603470295747
39.2013933288343
254.227121734613
189.485412120048
251.401422994728
196.742527309815
227.215848397532
221.549423702548
262.010586050988
353.296249067438
266.155188662646
356.452842021571
333.911148583783
173.929781736417
317.081607149032
46.9582199063419
281.147435772551
7.82260485848092
277.921798072659
6.05910448265625
299.674190475688
155.258976562874
0
0
~
209.371423951812
299.860199767207
229.35313705635
320.092975212245
291.595431235487
159.845887417589
276.044521503464
176.37975825708
337.238542167108
62.0520507829569
315.604040542619
39.2052437427562
254.495803121547
189.464565495488
247.795557651513
199.198091704184
227.228542431598
221.544715994971
262.033165385468
353.300446067759
266.165396390192
356.446899548558
333.797553498706
173.911271498658
317.120103850173
46.9920522578992
281.134956460052
7.84717299950979
277.853843310009
6.02149320779369
299.749502298411
155.199331691016
0
0
~
209.344651148852
299.835414429264
229.358569907921
320.100301559234
291.590894363414
159.835737011395
276.448947417607
175.959145084989
337.28748063027
62.0764819847597
315.540256446763
39.1118116764125
254.678465631812
189.42769375218
240.532582401902
203.815343154711
227.240929325051
221.538448841643
262.045283923243
353.301541344719
266.166149079013
356.4328300089
333.711866240479
173.874594867694
317.152119084787
47.0201849228998
281.127895879759
7.86790465184614
277.803717899282
5.99042065718526
299.816482883416
155.174507527356
0
0
~
209.325192694746
299.816622712098
229.363234026964
320.105254171171
291.603623255924
159.816507256321
277.351094407184
175.311024344169
337.322498726114
62.0903805093578
315.469300772615
38.9900694264685
254.775268436118
189.386060900688
247.521782307715
199.487706800179
227.247450314341
221.53612711872
262.052590559018
353.303591592968
266.166109022149
356.419778763627
333.646581598146
173.842703772996
317.178129201691
47.0437957795247
281.130957282826
7.88903989835106
277.759199776246
5.95881679061799
299.898405679517
155.144283744694
0
0
~
209.313930153064
299.80465042265
229.361115896168
320.102359997658
291.622658884293
159.792029200491
280.072187821931
173.605398085596
337.337068253187
62.0890578278102
315.406087554633
38.8672384877998
254.814661103705
189.355391339028
246.395303381962
199.679809271349
227.247875156954
221.537228843033
262.058311024152
353.306722976782
266.161152249886
356.405841468583
333.588931877771
173.809715709202
317.196444346413
47.0614382193584
281.14252379987
7.9052151837917
277.719456129839
5.93488430215484
299.938087824729
155.113138848136
0
0
~
209.307942019982
299.796864758888
229.353755927001
320.092201472026
291.653167878279
159.7587716522
282.603400235385
172.13870112099
337.348726949687
62.0830015026116
315.357393420745
38.7322035478306
254.713689543874
189.368858130556
240.750323012762
202.486278128335
227.246381020906
221.537727607188
262.05888933761
353.299878494574
266.145481570691
356.391819489325
333.547161490866
173.77199608618
317.209658908386
47.074164297532
281.155788945281
7.91862926519375
277.68567561981
5.91474087785415
299.968244513471
155.087933534974
0
0
~
209.307282558115
299.792810645123
229.343076266586
320.073545431871
291.718695057506
159.700636393584
284.616727594273
171.209584794857
337.358324745953
62.0721696994524
315.313060841766
38.6185489352482
254.610363714043
189.383669864909
236.20868987036
204.448845863641
227.242864605916
221.539460096023
262.062551529883
353.298220257483
266.125266396277
356.37323907736
333.51955864091
173.728614926061
317.219766143601
47.0840586942373
281.164393318797
7.92662156052374
277.661790552164
5.90052552032872
299.987726923332
155.074253965054
0
0
~
209.316113861884
299.794312747755
229.32342604
320.041975105497
291.839595015847
159.606985755837
285.776718719859
171.687527940649
337.363705029502
62.0594932321888
315.280022158076
38.5354570202389
254.514798586111
189.393020230878
237.407906414605
202.455725088635
227.237550887662
221.543310718095
262.064963917005
353.297128326789
266.10671624057
356.356561002134
333.501549385561
173.686660852815
317.22839077891
47.0933789452907
281.174081769195
7.926568640647
277.640413137506
5.89273415323635
300.007457897704
155.062701970949
0
0
~
209.337484197936
299.804087002501
229.300172366232
320.004117924782
291.983586315438
159.509974338011
286.337561427116
172.616258886816
337.363789167599
62.0436427747668
315.247500970165
38.4743938752625
254.461018046472
189.38075180397
235.790263005512
202.576001585565
227.231645805916
221.545338847773
262.070383951159
353.301253642491
266.077024397191
356.32812597719
333.459311869369
173.625671576686
317.231509177225
47.0977419252686
281.179532973649
7.92268317644546
277.628947507711
5.88921052223154
300.047051964304
155.026381937049
0
0
~
209.369483291601
299.819816040322
229.274149665098
319.963005420305
292.133486105209
159.421719720317
287.105149720421
172.372670842312
337.361820736958
62.029345734852
315.214407820028
38.4231850627548
254.412188995288
189.368531899663
229.739430685435
205.220576919081
227.228246039955
221.538934923886
262.075103856206
353.308405975871
266.038800908816
356.291772420271
333.417190288194
173.556319434484
317.231303059181
47.0998441009649
281.186898672304
7.91540142140797
277.617819324954
5.88470603604543
300.12117126981
154.963173542438
0
0
~
209.40472211551
299.836828315598
229.251224548392
319.918897313861
292.244917553688
159.350689144144
287.683718008317
172.273346116004
337.360040099717
62.020041007842
315.187820141342
38.3881203647654
254.389317321807
189.347465164137
232.527589548902
202.643397889657
227.225336105436
221.521681186066
262.083700331566
353.322857314795
265.984066479997
356.243587379594
333.382802546112
173.484929808605
317.231052551039
47.1025015250089
281.1950973664
7.90407361581737
277.608206759103
5.88118292203125
300.239052442093
154.81386596207
0
0
~
209.442716293284
299.855034273409
229.231820969264
319.88064977378
292.320092215223
159.303796587564
287.876691048989
172.300033372785
337.359678896793
62.0140826184806
315.160106892467
38.3609513917561
254.370385841227
189.323439272198
236.138570178579
199.91471112023
227.216997463225
221.495398115855
262.083133616812
353.337564784972
265.928186956221
356.196407409594
333.363193637411
173.422002430271
317.229078424609
47.1038864008429
281.198453553085
7.89210706600969
277.612531351175
5.87706789130372
300.369489115755
154.607489606649
0
0
~
209.48537895811
299.876938227516
229.20917973809
319.841295009902
292.388745172162
159.264389338913
287.856865462172
172.468822500415
337.362254350455
62.0112489026811
315.123492732081
38.3357000175292
254.277559189384
189.319964256452
238.973940079585
198.162167009246
227.201392081742
221.466665389469
262.0686815037
353.348455145413
265.877334826396
356.154951241804
333.351919839757
173.369936483259
317.225595945407
47.1032716715306
281.207469419557
7.87955872136773
277.623039272626
5.86735171314436
300.480806504396
154.483595031293
0
0
~
209.525523008592
299.897823759728
229.182898822856
319.80182699428
292.430976742873
159.239223088115
287.748724669775
172.564786215247
337.36550991476
62.0110134116292
315.080427239858
38.3127363913825
254.109123586397
189.360696826585
240.370526385752
197.259039899498
227.179475157525
221.446120945383
262.046165571949
353.356756944814
265.834586003295
356.122059335739
333.34730613498
173.335224803474
317.221646563101
47.1020517238684
281.22267056294
7.87507685458491
277.636812269157
5.84813083452701
300.601474951226
154.381394497294
0
0
~
209.558299718242
299.917417181986
229.159068473114
319.769225454958
292.45440327433
159.226728552023
287.588736274774
172.629197321236
337.356974015428
62.0136540174435
315.030664187129
38.3016030222442
254.044221039378
189.375805835069
241.25534869021
196.70172022063
227.156731472923
221.437037520632
262.013158094763
353.359140727809
265.803982874451
356.099807097496
333.344382729027
173.311907781869
317.21047292704
47.0945625332673
281.255711624371
7.8709289737403
277.642432614569
5.82652176993098
300.730735532733
154.25122595972
0
0
~
209.579316978955
299.93061965776
229.132283681674
319.736734731567
292.47094842762
159.215638631586
287.367937697685
172.734018328215
337.329487365812
62.018562719093
315.015072122392
38.3097863308687
254.008466624948
189.386150688937
241.463245311675
196.7292472778
227.132879748054
221.442329990928
261.981820328091
353.36229519676
265.776303550032
356.0808555225
333.34427252727
173.294147765095
317.191271011568
47.0801034000206
281.303602048135
7.86619612488768
277.638881194089
5.80759773962149
300.854144383285
154.188354323994
0
0
~
209.584318799739
299.932603577873
229.105177980122
319.703791220882
292.475243788246
159.211665612154
289.176604649003
169.370752808918
337.31543718375
62.0295515261952
314.990057152843
38.3272051723705
254.023622228341
189.387567061127
241.554693600685
196.852824258508
227.103858079675
221.460026801549
261.956196333301
353.36911813964
265.753281988237
356.064424755353
333.345432984527
173.27878693503
317.17282686478
47.0649579791484
281.348346539733
7.86202003519759
277.632092227602
5.7904262278899
300.922998210793
154.198892766798
0
0
~
209.593659513094
299.940378213366
229.07277085134
319.664744805953
292.461727842035
159.22255755011
289.674750307256
168.228551907804
337.293501720969
62.03987974901
314.958590604891
38.349419764907
254.110541885865
189.373112512099
241.724054515618
196.956974883866
227.080020856831
221.479342767976
261.933282636009
353.367734867174
265.736719364342
356.058223407962
333.34632161932
173.268716753088
317.159642114335
47.0539459768539
281.384519844108
7.85652126522331
277.627056672323
5.77894311456453
300.953509500746
154.316593610274
0
0
~
209.609677821946
299.955000265832
229.03620761395
319.621950579372
292.428649654785
159.245435315258
290.140710479847
167.318171288722
337.265519642881
62.0506874936935
314.940015491473
38.3719342349535
254.208958789144
189.360981032176
242.012814775763
196.94123549545
227.06260152591
221.495899254362
261.90965532197
353.359251250667
265.729460779647
356.061701843258
333.348572577068
173.262486440293
317.153504447943
47.0487400863168
281.413628136091
7.85333710126317
277.628756368164
5.77433348374875
301.023562012439
154.528985443251
0
0
~
209.626623117455
299.970843130815
228.998647056491
319.57974326187
292.390238200093
159.274071217104
290.326107516245
166.818888042613
337.215475089655
62.0701602993447
314.966887318409
38.3981757149072
254.305878338182
189.346675965788
242.279024804518
197.004465264438
227.047879464521
221.512802277699
261.889552613071
353.355466631929
265.725454315148
356.062457682954
333.351423643895
173.264276327399
317.153961153591
47.0491744019762
281.421644562009
7.85615698828316
277.656732003788
5.77184367762345
301.037339285711
154.791082153442
0
0
~
209.640749333104
299.983147398357
228.959371330185
319.537739379171
292.353611013242
159.300895396343
290.321648314803
166.698832867437
337.177961582437
62.0876483590417
314.986316977747
38.4125279385334
254.390202090753
189.330850893646
243.909805446486
196.624293009835
227.036871285461
221.527471848224
261.873226194847
353.352819189607
265.722148801973
356.061996029478
333.355991176618
173.267894872111
317.157313959847
47.0522573221486
281.42840936478
7.85557285046227
277.677764452846
5.77371499266935
320.105798791306
166.026455134361
0
0
~
209.65198822956
299.992884681457
228.920730883151
319.497443083647
292.322452945601
159.321526042026
290.09281245927
166.862610637868
337.147383623386
62.098426307388
315.012342303467
38.4256576612091
254.457802063875
189.31156033159
239.329729090615
199.378074803489
227.028931907207
221.539811783913
261.860244219354
353.350569836521
265.720471622532
356.062537349015
333.361864951594
173.270352327147
317.16429374817
47.0587199688294
281.434828661248
7.85259821395694
277.696801809267
5.78040203064534
305.956096281144
162.021015689358
0
0
~
209.661394280878
300.001386291299
228.884182707548
319.460071243555
292.29031655058
159.342497149337
289.568820202816
167.363329099003
337.126077662713
62.1009484243699
315.034393651425
38.4360539606838
254.507455952815
189.295512645335
239.374826482209
201.439928258679
227.023292381634
221.550234293714
261.850140862282
353.349004006441
265.718104579087
356.061468046137
333.371530210378
173.272109615731
317.172843699094
47.0666605501523
281.446672863189
7.8452962911985
277.699324659192
5.78808652582547
299.962544389459
159.226370459956
0
0
~
209.668296798734
300.007681571569
228.850515639207
319.425842937599
292.258508585086
159.359987839909
289.032898391941
167.920888891973
337.117316795123
62.0998019191458
315.047478577513
38.4387643972548
254.539413540247
189.281268411349
243.448614983164
200.263372534663
227.019222258785
221.558249956656
261.841200280725
353.347365193872
265.71890249276
356.06232627545
333.379250272131
173.271313447056
317.182627459839
47.0755661141297
281.463342998372
7.82113931073837
277.681200959208
5.80833973962418
298.117750337487
158.009039209213
0
0
~
209.672069951916
300.010944342355
228.817228112197
319.392327836834
292.229059898759
159.37413951015
288.16034261201
168.797391374388
337.122347760126
62.1006970683739
315.047163265494
38.4301614047305
254.543395888057
189.283508808419
241.74400974829
201.95751419073
227.016217622786
221.564117264989
261.835040713799
353.347271663123
265.71882640478
356.061677369674
333.386640972608
173.267322431312
317.193306235436
47.0852038189119
281.481614007124
7.79401338577642
277.647385736708
5.82638185551247
297.498896433393
157.514701903796
0
0
~
209.675025877149
300.012619513999
228.785462287056
319.361189131307
292.194536940646
159.394136609701
287.316181750158
169.60732385635
337.131481971443
62.1020646603773
315.016606984618
38.3825930838664
254.528749520076
189.292469444309
245.416093252299
200.12379091637
227.014690279172
221.56775125026
261.828716487205
353.346114774621
265.723858400969
356.065228826111
333.389784165177
173.259845073489
317.20321652313
47.0942760793452
281.500792586276
7.76406486340652
277.614457706717
5.85193310117405
297.352384832347
157.146162122147
0
0
~
----