@1stMotion
214.028278757102
304.09354247784
253.527223928018
196.028835918748
240.092124052809
183.354124618086
304.048658402048
179.818901944026
332.404419933502
60.9560126951297
289.792796441989
18.9287327730329
248.270127167525
187.587783136835
232.035929469497
195.889757224104
225.169407798384
315.204223344151
259.286544530228
190.713079983256
261.443471925976
188.542682236243
223.967579346138
183.500969607245
311.236076839498
40.3432964179352
276.643469800533
175.7441823162
273.560072196565
179.89028542196
327.925089481039
172.350755882501
0
0
~
200.921884452277
290.952033001327
256.316563838375
193.021644532407
301.02996737636
177.272464368755
303.626803945876
162.875997871569
345.77026140769
73.4934128774919
289.1283081868
17.8250048164598
249.909551628163
183.746429139109
236.80827159821
185.317683348248
226.635708891231
223.363501595216
258.254723397282
348.258680492508
260.851811945963
189.142558388892
323.802073580593
178.436693676804
312.164644961176
40.9479655757463
276.297847456324
176.441918067946
266.462398779527
180.568960310339
337.962602667049
174.718228936958
0
0
~
197.574416019371
287.582237155274
258.137687132931
190.288977336007
303.409733619781
164.535621645473
305.603476604635
157.987685650932
347.952582864038
75.544628444494
288.951803547984
17.3629402529396
288.504252594539
177.458678266929
301.191407138084
179.706311515267
227.026690605191
222.959145145012
257.923905310451
347.931305447692
260.46961399406
189.525896375157
238.023211816892
200.602851253403
312.873326631825
41.4547269902661
276.157826601899
176.839476125622
266.430018847875
181.015838123656
327.947273809649
172.303935147579
0
0
~
207.079640156913
297.23576646608
258.472828096251
189.134120968047
305.255773046135
158.827734959777
309.775562312218
150.520565563332
340.993164374676
68.7905408966345
289.335550534863
17.6319732086721
288.602991528316
173.869640041642
298.756831388698
175.722057653737
227.155651266207
222.816459746228
257.814071467239
347.822932619957
260.292567768863
189.69893551916
236.487687400422
212.945323132933
313.238069239361
41.684883744205
276.172643938222
176.962803333161
266.406488215855
181.288161980067
323.752898835888
170.830618390769
0
0
~
212.84099045712
303.058635182118
258.655992957261
188.637910648111
306.235920451801
155.887258705269
312.625043598578
143.847685297152
337.633190811242
65.4580829037112
289.535026306525
18.082921459701
288.772011156232
171.796262608952
297.086843911542
172.591134543292
227.034030402831
222.922402864991
257.866691069993
347.877567650616
260.260419155983
189.722865803884
233.92743152947
215.596512095533
313.463069791809
41.7770545832552
276.24354198238
177.022789086847
266.422143121825
181.408647299897
351.588979376545
179.324559657832
0
0
~
215.500358213047
305.629522189212
258.830875490473
188.419445292908
306.433368743701
153.527233514235
313.748770004209
140.391048984348
335.720322808921
63.7406983429458
289.813517592972
18.8354641943439
288.670900321751
169.178913314684
296.342439636958
171.23519588251
226.708710523326
223.243002086571
258.135268913082
348.148220198879
260.30423118425
189.670110764098
232.633581631376
214.853213958134
313.823821214304
41.9973714582976
276.287598274777
177.092508137903
266.512824012323
181.329186164223
347.760930943636
179.073255681604
0
0
~
216.06433392964
306.22652161511
255.3200858329
193.157557696817
304.607093258905
152.190997789579
305.524617592396
146.964114688249
339.451882247594
67.5377623704862
288.767751711524
18.3122582541575
289.446138006037
165.847001033768
295.325788360905
168.201217932851
226.528411588013
223.451712879225
259.460777149893
349.479720064221
260.42153201303
189.545616728893
228.81013932951
213.789021324828
315.168832711421
43.1917623970061
276.240911402984
177.093962946599
266.783814292053
180.618356364239
340.479840708035
177.16954795744
0
0
~
219.087198562451
309.307128787391
257.360117632439
191.074984098736
298.005116220551
158.600289909469
295.952705213485
157.209302151154
336.841994780543
65.287343063428
287.435047494108
17.3437240931898
289.089231264902
168.653000559126
297.558312547929
157.0431803888
227.156756657838
222.842546492713
261.608869099216
351.636420432149
260.659265113139
189.301241804985
222.473724132874
214.172997345554
316.980605029461
45.0349495790615
276.364305032949
176.550745107621
273.085102144921
179.654275504683
331.37968052927
174.239362990238
0
0
~
219.527933103206
309.832965786972
258.476154904451
190.538281242379
290.074404792825
170.859690956404
294.312567195633
161.583772303662
334.309102276533
62.9776623132758
285.313272689122
164.688636697478
289.755495396133
175.21601934175
298.687066709844
156.179647766914
227.224893449572
317.233322673128
263.5315409524
353.556850040439
261.235579683304
188.719612248596
216.171872268307
214.647634941775
318.20074091395
46.4654140426183
276.491302927402
176.048004662921
273.276544759327
178.512639507993
327.224473861165
172.160664794468
0
0
~
218.501850921122
308.930701686509
256.649087773327
193.256244952519
249.337002916544
182.415490665415
291.926054314392
171.437276730637
332.145839254516
60.9418486645444
282.478609855579
167.702617200051
247.259865038819
181.688866139732
291.321584704914
176.103972708071
227.282490574913
317.321268690126
264.507416015006
354.514542578197
262.161000770994
187.790546400084
214.850055673699
214.962439265571
318.132208746481
46.6396614718486
276.699355658397
175.579353957867
273.882186835073
177.26327318998
326.887294711888
170.574919634072
0
0
~
218.827690489558
309.409952895343
252.334249999791
342.510830835152
246.43982167986
189.151555740549
297.944574346582
173.911686136677
331.602368779628
60.7147873998534
281.637442607408
168.784372976404
245.54000431643
185.042239545101
244.626878289478
188.976300922921
227.186287963697
317.283412375306
264.667809022279
185.327061079552
263.381146554567
186.559813333588
220.040298108483
214.377802317325
317.114483812076
45.8598708901011
277.179450899657
174.837437335183
274.613938789925
176.176932723738
326.754676685119
169.531968906086
0
0
~
224.120017738917
314.692392491288
243.930656090121
334.666283506696
249.461272130982
191.232766827708
238.233477837483
186.002720501231
332.404616031953
61.9973838779214
280.493360854225
170.337410118778
242.995449179015
189.612910390145
243.802622436142
189.384170906338
227.348658790865
317.564706716442
264.990391641548
184.938546296475
264.224900029301
185.689603757655
227.334250470406
212.090800832951
315.810597615106
44.9902935049475
278.086695035407
173.509218634415
275.268869152097
175.296227092841
327.490199924268
168.31996146271
0
0
~
225.145301484109
315.774074999177
239.31111446175
330.287213212229
249.158340730246
194.421810417505
245.613511025546
184.288483086592
332.616540327152
62.3403420327523
278.579065698654
173.537328734874
240.725755873387
193.316881478162
236.232910240184
197.181815535846
225.530799830912
316.100858321174
265.487727881171
184.252650664732
264.816639642218
185.061919934252
223.199930287283
194.641999485488
314.32484384529
43.9243786712978
278.881321392641
172.291043783431
275.749256339186
174.678712913996
327.796293417584
167.547151214647
0
0
~
225.333347536709
316.009256558576
237.631632702273
328.680677968171
251.7181669015
193.857735377953
246.101471239908
187.937795866177
332.614749433541
62.4021333200601
277.90328592508
175.26828674269
236.160435983872
199.636201661693
228.05806351355
206.841779466081
224.027925567054
314.942631438161
265.724921224876
183.82437133091
265.193274057694
184.641785069792
211.189994471306
183.375993045753
313.69145467386
43.4720902152274
279.374287959117
171.628103758558
275.998987620818
174.34999956628
327.432793099254
166.940629027744
0
0
~
225.192626833083
315.920796448778
236.787417929379
327.809332470101
255.68693668144
190.939811934241
239.894702750172
197.316157647666
332.531550534408
62.3526477251845
277.644555652266
176.113766053319
233.807544787259
203.039446667487
222.380622836867
215.058089754139
223.426580370823
314.546550391945
265.708750981134
183.742167295112
265.392332125244
184.401650099447
207.941212251271
180.095147118922
313.364718779364
43.2172213182815
279.611830747409
171.316343491145
276.138788392219
174.16814832076
326.757929849204
166.593786814086
0
0
~
224.685933061481
315.48423912116
236.622606377963
327.535695456865
258.82053824089
188.327941263096
233.730940828462
204.946193505582
332.503667620813
62.3310310575502
277.385290940596
176.397329913811
232.263136873693
205.756318148402
219.660300920976
221.73319522917
223.179349122334
314.425710074626
265.691735185394
183.696225092286
265.460548985534
184.310606705741
333.287313840188
178.733044578184
313.170461889669
43.0532452811153
279.735749991823
171.156710885331
276.176075197181
174.108637340309
326.132152800101
166.346520315957
0
0
~
212.906531996457
303.271300615781
237.256098564088
327.936880980651
260.875701913985
185.92823189427
230.778220832
208.404336938329
339.523945231576
69.4861356448821
276.453937275492
178.412695928489
230.97587860799
208.970086118934
215.77771997019
229.025723170995
223.776843988348
315.146336237099
265.400022434412
183.928619945711
265.484730080507
184.271622896114
333.676644824229
178.330521567372
313.359310471396
43.2232402829227
279.50342452607
171.422337306375
276.139393535083
174.184024731647
327.023912070289
165.86443338822
0
0
~
185.72989460354
277.284256683951
240.195892703407
330.477239204469
257.391827933116
182.223291845483
239.085353297423
203.674777300237
337.461855804133
65.3752496065732
275.141845478689
176.577176916528
228.101062670325
213.968359688657
219.461647760283
226.97030749537
217.070270185722
308.208454770532
264.448873391798
184.889960232148
265.396347168771
184.350884745899
333.301317274449
178.352142952091
308.956713079008
38.7148405015641
278.696374320061
172.353098820376
275.922177299361
174.565422738085
330.096881597592
164.775032395148
0
0
~
185.645613310134
276.885067591396
243.41236601959
333.465794996038
291.944664119736
179.180713060242
304.872153993008
166.578356917342
336.748015370865
62.5701799175295
276.096916512942
173.994604119402
229.989021416281
213.732501348567
193.652904251817
245.262020544012
216.474311547761
307.49676358188
263.54356001479
185.897203143611
264.928032247201
184.819389018513
230.038810475496
196.820658892087
308.227548406912
37.7702016543411
277.828277278109
173.472683103154
275.447429251919
175.260407373716
331.882404879146
163.919705125034
0
0
~
191.085244340008
281.601335664222
249.592785927434
200.209356347183
243.73609640376
181.809887813039
309.513844828728
165.462499898296
335.78876076401
61.8855198935625
278.215294181971
8.15136234711522
240.69021116242
202.587999432919
201.150355248246
241.329432772309
217.902159917731
308.766445113708
263.066165880923
186.4925576001
264.028570776131
185.740679447201
237.16001966063
211.301558488348
309.902873427405
39.1944936434636
277.21446552815
174.484981013821
274.709418231036
176.258246545062
332.326099713143
163.583965431886
0
0
~
196.932027764488
287.129334359581
256.252773851502
192.617397539898
299.205674835937
179.374147536802
299.765560434914
177.189866983587
337.285494986954
63.8712482077829
282.311229493991
11.8553975538091
246.307788686727
195.191886595561
238.871524496574
204.691472465914
222.537799141518
313.019349880961
261.65135104684
188.129328256873
262.66910993598
187.16787656603
224.525822699384
224.300529292723
313.880548711682
42.7676605635984
276.545388046584
176.252475626296
273.48604187144
177.881334043185
332.529124036749
164.358871413625
0
0
~
203.763684825168
293.802970497828
256.989635461474
191.492821565446
299.561558982543
170.816222556738
298.686714406377
165.524160459629
338.998714919392
65.7465144994449
286.287653001003
15.5214141618155
249.039268830887
191.076241642039
242.203410546107
200.8778273084
226.882411551935
317.076826159111
259.650993118313
190.262580711327
261.855350733853
188.025848333551
213.027220454863
232.49104703983
315.853532521397
44.3202679882873
276.641833408606
177.15284293619
272.667671309531
179.325647773186
332.659422779751
164.891092619649
0
0
~
209.116885627141
299.119515752596
258.160813748925
189.122743672056
301.986940213483
159.827031774075
305.099659293021
151.659186934587
340.070611646866
66.8277547644487
289.552433502449
18.6857716285208
252.997027256554
184.207660343495
242.202137942494
198.15874476206
229.170590150557
319.229892461492
258.46901936728
191.488834941885
261.27522691579
188.645566159326
199.465067432992
240.098582125126
316.858267969429
44.8945023890675
276.877616374682
177.703134666995
267.534236509265
180.18283537467
333.308389243894
166.423306551516
0
0
~
212.753405665747
237.245571166459
258.336004100675
187.108157393824
304.83538351813
152.816199773873
308.096337635328
145.722130822688
340.853657096908
67.5003835160533
291.909754969487
21.0477870276621
286.113293595258
173.924273360065
248.282558119578
183.871101069448
229.716251409497
319.735180889067
258.124910680744
191.842123475103
260.933487279819
189.013281486771
194.38839020098
244.090271378507
317.575395811938
45.2424374863103
277.158537602913
178.066297588055
267.511965065672
180.666573869121
333.76010652752
167.589600184777
0
0
~
215.070765761915
234.922242477076
258.26258718365
185.368995651166
313.09726643698
141.165300951613
310.527892017964
140.983602604426
341.14413448529
67.7386296721425
293.54029840531
22.6677571930438
288.216314214473
168.156831861142
292.796471891285
174.888099780573
229.819383945001
319.824448335623
257.979583398945
191.99048020428
260.752538951304
189.208297381983
194.730597993656
243.800845438325
317.902176380883
45.3041781108819
277.395396564296
178.246219567178
267.448999103159
180.919036629546
333.802794665858
168.924897670307
0
0
~
216.407524821887
233.580222945141
257.963168417484
184.350927083316
317.487415149149
135.599280509742
316.795327154933
133.525412615497
341.248689473543
67.8084053067338
294.410380278356
23.5154869511145
292.348008728737
161.135608678532
297.390070539689
165.662231343182
229.843422003655
319.844473815627
257.920468466619
192.051161779505
260.66922709816
189.299021606509
199.681690050425
239.850667913347
318.025556088561
45.2117902085788
277.60940065916
178.279922756521
267.387833951353
181.083548297128
332.778310299779
171.089939131615
0
0
~
217.18917266901
232.796530095598
257.349534294943
185.564742877193
318.831638677469
134.011321752442
328.767661982177
58.7412301588736
341.338175013116
67.8787469008999
295.259276123952
24.3180524554635
297.5262445921
153.867297522683
293.841830814755
163.924598802248
229.676389905175
319.67648996579
257.918306749459
192.055619273603
260.663172715254
189.308206990117
206.469101421521
234.398199487619
317.917690830227
44.8808015816739
277.800408778373
178.210107037517
267.336366119011
181.161402735084
357.537849248409
179.316368116506
0
0
~
216.760609213829
233.238504329424
254.680375370527
191.228653386929
319.113011593953
134.141466058898
334.28535159583
64.2424569218018
341.471741752706
68.0021329107548
296.164558660352
25.1932627542117
298.753176371062
152.1656410303
291.774238248058
164.231830862962
229.188115581432
220.811783565713
257.967273370178
192.0127623206
260.792700702874
189.174971516063
213.292298458213
228.523829684647
317.308526034493
43.9796108268006
278.05550266876
177.879403536405
267.3028818576
181.170019063533
347.300714494668
171.609048679879
0
0
~
215.086653128442
305.097654178206
251.758930888735
195.412373752799
318.581265540132
135.20618821745
332.797841430116
117.204403052677
341.803725763615
68.744105602497
297.524522538497
26.5881686033887
297.574040222177
153.2356029612
290.735840481723
164.582144727846
228.600219993307
221.398813635552
258.399786590628
191.583325994805
261.064706121393
188.890455277062
217.454631549215
224.808968778109
316.355776772306
42.8261937227753
278.466976246612
177.080396203622
267.304781899173
181.038283003049
331.895850125268
175.511952014692
0
0
~
217.626774355799
307.648906767668
251.332978463888
196.092751933727
312.963978433069
141.456557102555
326.462871481653
123.715054671882
342.422954959839
70.8090827166151
297.428354953793
26.660781514335
292.694274981012
158.709326376857
292.916304067545
160.809550544938
229.20503627129
220.793953254755
259.320085019238
190.660946125556
261.558170273965
188.358866599738
216.949831477249
224.028095696113
316.346567613576
43.2579237939515
278.868323203424
176.12053740176
267.365662667226
180.591676661258
342.148610769504
178.40451653626
0
0
~
219.040830227223
230.951580164279
249.84316016777
198.773854420985
303.039808883924
152.984674902211
311.434971918508
139.513543461863
345.776150580082
75.4414018960004
290.243810252417
20.0879749941714
290.685574613144
162.275759717325
302.881276892072
148.013021409194
229.952808426342
319.957037960711
261.532869863652
188.411567262348
262.018931609716
187.837501736011
204.346250090624
228.8470491977
317.496324362369
45.3240707352307
279.111761536688
175.284851919996
272.734055972164
179.425577601783
338.166498863641
170.118281879311
0
0
~
225.625108157536
315.625411709838
249.336016915502
200.074030916476
295.349229458246
163.982585774964
299.505643271006
152.916850737049
341.797191031123
71.7362206222391
285.877666626851
164.138318815389
289.209326533753
165.93574710362
303.148743073452
147.503715632666
227.904785220126
318.02267772751
264.04015003961
185.763273151106
262.666068950957
187.055775514481
191.15622190769
231.037699421804
318.814223705513
47.4196302960285
278.906365839187
175.16281676658
273.646384531531
177.688369526413
336.455209990622
165.255965599632
0
0
~
198.134244664693
288.822818321335
247.936593391614
201.970334392395
291.486261124687
175.063074176192
295.067862766815
159.498686373783
333.424661747253
62.5978718956157
283.487241385114
166.775593362746
288.276211236838
178.392922401833
288.042005476356
164.284323454823
225.784668538171
316.11736985698
265.087611877776
184.606205382092
263.281287452082
186.218943420801
198.056098876556
230.297932656982
317.765429775947
46.6982247057319
278.851214848901
174.921308287918
274.754202575542
176.237574411782
335.633437033758
162.930876488927
0
0
~
193.094284670869
284.830669032059
244.37809985898
334.407502333133
252.648521393376
184.293484048694
290.199952908816
170.948370918464
326.209132068021
54.8772978193056
279.498880137202
172.198812377578
248.98086246649
186.040368668476
254.711123332238
183.090414576387
223.293830863993
313.915439712079
265.637910155089
184.002612157522
263.683302975339
185.511894542064
209.132783090391
227.264649076027
314.12100872765
43.2665861145618
279.242074313874
173.973578143337
275.61030106168
175.198044662349
333.808926928299
162.322195127433
0
0
~
191.864669056367
284.7386335923
242.641980568391
332.785765127512
256.061318217912
190.167781821514
250.865736506139
192.718493214108
317.742792864287
46.6191337033356
279.303050857259
174.777244301292
246.753585136123
190.64085893761
252.958660903707
184.487611502832
220.726190940118
311.755556028355
266.230291998242
183.352132559382
263.974565093697
184.773441606639
220.606541474903
221.968989833773
308.235615682259
37.7516515848507
280.394062216604
171.960568366741
276.188549009386
174.495619057469
331.220393100151
163.208266547932
0
0
~
200.11615449347
293.474849319161
240.561838845003
330.882587659454
264.662372720153
354.667255077759
258.752591428021
356.370293105791
327.381268087548
57.2801087712016
280.201484097649
177.018032571272
242.196818066753
197.525051287941
237.293910066794
202.866601749808
219.580875500637
311.366696678922
267.154362549583
181.975752342158
264.035029471705
184.252899538551
226.838160782364
218.554556505063
307.96753640295
37.8516937825204
281.535226292435
170.241040109754
276.563209907257
174.050618342165
329.784297436182
164.292589565908
0
0
~
201.358626542844
295.392344828814
237.381356110003
327.976931185426
277.500131942965
4.06369015515042
291.658842857715
10.9142707933006
328.057904858897
58.0358804274949
281.754404713478
179.554677647784
235.692901615233
205.91449869064
236.706856736658
206.659404766756
218.820582270582
311.267643938089
267.464932219875
181.279930408422
263.97528053742
183.907423088095
231.669958119826
216.347124960239
308.305310083872
38.2819110797794
281.854444348425
169.660393036464
277.010233811775
173.592276208503
328.54777568643
165.617689859614
0
0
~
200.932448663811
295.614000494053
233.817523331176
324.636758532771
284.720212007373
12.1761464867458
300.561196831038
25.4608184558019
328.377612573149
58.371204822798
257.081800085471
181.388539893584
230.874065426929
212.898787650148
226.541334934109
219.011221375723
218.409762904563
311.531761296017
267.413812011029
181.033870842328
263.879903337978
183.679227118443
234.049529890394
215.198787466538
308.584291168463
38.581951731295
281.748576815778
169.598288428846
277.424520824268
173.209748059594
327.107481439296
166.867285345338
0
0
~
199.842656711488
295.025443391248
231.303059565177
322.214608206109
299.378929719455
24.0955356897835
322.922582965839
41.1846763421228
328.080420382502
58.0790587723439
256.573363362844
182.460803986673
228.478261834153
216.371006371783
216.722756948818
230.125588579272
218.498136447007
312.513415094604
267.080288571888
181.046715898358
263.767078279507
183.54616349028
235.033794862958
214.675849745736
308.77183664128
141.228640658706
281.590323298502
169.617837660527
277.72900585916
172.967291726525
325.917148797579
167.761516475168
0
0
~
197.687021473178
293.510392250321
229.845081529199
320.774295655362
305.583431535845
29.1271693720401
326.596124259046
43.4340732264765
326.549464208016
56.5362065681138
256.628592024853
182.958721084628
227.137801550125
218.216828576342
208.815303125775
239.422050496035
219.810849659799
314.978158853121
266.397990281879
181.534867989477
263.594180945961
183.539438853937
234.103541875792
215.780466753666
309.152463530301
140.852383855403
281.479032088423
169.599667611076
277.847385700214
172.972495861462
325.205737198115
168.397100735217
0
0
~
195.365726783544
291.600303797113
228.31526158135
319.237221066106
307.694029557495
30.7258616925004
320.945374108739
40.005160139599
326.379039609428
56.3374415507757
258.779224378714
181.439819047261
225.461367736451
220.414524372611
205.01643241749
243.637275668077
221.503498875762
317.223110845358
265.630110916762
182.486830070845
263.369252883192
183.660783175069
230.910490908341
219.016027034304
310.090353425761
139.915654098215
281.072014973205
169.95972472243
277.792073869106
173.236370176668
324.762894555894
168.789095396312
0
0
~
192.810251470211
287.689356736337
229.191176432261
319.764258967323
242.679742918296
203.186748606266
236.41200388078
212.72194204423
324.183240105981
54.1365193304351
278.151075592435
178.609029827855
223.781592347265
222.16421681438
218.451516672631
231.542405803331
222.027319171428
317.282074085352
264.331954617124
184.362363220824
263.212284862398
183.805885584529
230.068636117319
219.871448634536
309.585989114543
140.41873928467
280.220668512044
170.789221438478
277.580207200452
173.789262974852
324.482513710304
169.085950244353
0
0
~
191.501442921089
285.304344142309
235.302887359896
325.486543366323
234.259186796783
209.548427830201
283.382949570251
5.09470050639722
326.725724382933
56.525391310825
276.505915843083
178.30832397249
236.794265492353
208.626268496139
221.974001250281
227.306790687583
220.672970878247
315.036585769611
264.081128186076
184.768058864984
262.664640004493
184.800454622289
224.619518730119
225.142228968704
309.248678468469
39.2464086592118
279.054781552321
171.98898717008
277.299906881498
174.570401240797
324.430462829769
169.19486060397
0
0
~
191.740803292302
284.316635764069
242.847814661547
332.870174337596
257.008580591673
182.374158632484
260.188315976795
188.626974607248
327.900352160371
57.5094426299036
276.015192732578
175.563674355824
242.920481986847
200.541524410777
224.238531360838
223.738085084075
219.422099673132
312.913992599507
264.261355810527
184.702168178241
262.021506895502
185.911983184791
221.210934011404
228.034823822665
309.445130435195
39.393625861086
278.262128801389
172.897461288085
276.849569934097
175.639923644279
325.10528945824
168.907080431614
0
0
~
193.129980714579
284.703586098755
254.287377830147
195.424912706838
283.632014764539
175.784995553315
299.181468691249
170.665913715896
330.621466550961
59.8676382845291
279.376987740388
170.638938453294
246.849407790993
192.286090833883
234.571942678936
211.026955156396
219.410895070723
311.972421738665
264.011019199147
185.23987454104
261.555541171443
186.769566980009
220.119228219375
228.531717840157
311.309149243659
41.1164178161567
277.474836059007
173.987084633181
276.299409693458
176.972944870899
337.845989220454
170.922877299571
0
0
~
195.698627243441
286.489082296731
260.736718247816
188.222625732346
290.341521584056
175.692460459361
293.273608386683
172.122690568854
336.248600613406
64.8087999638519
281.601407579014
11.496528149125
249.150004573548
186.794625459611
244.032055360632
197.66869913752
221.595187259663
313.006030965801
263.090291548601
186.5082962353
261.044037640044
187.762220792468
215.288741990783
231.651592807639
313.897366880264
43.3919396432481
276.683603944618
175.465831176186
275.821863610809
178.344665770471
342.400029906146
171.512759221875
0
0
~
200.448339193957
290.710980765915
263.890342237905
184.646785463191
292.321264889169
173.516036306429
293.014387654715
165.877326082543
337.552805051143
65.8231807641068
286.178219356173
15.9132846429108
253.492307151691
180.140741714767
242.703361204828
194.282227916839
226.908009912882
317.320780762251
260.684664342911
189.214342429292
260.599623558973
188.578552499393
208.220819835674
236.003138640416
315.98597564702
45.0321587952068
276.024820567369
177.146240028298
275.566781755357
179.395274311576
338.860457156096
169.105823842503
0
0
~
206.284712244091
296.332098349444
263.552509559523
184.02675645119
297.64641653278
162.139948931797
303.661119831909
148.590353592514
337.882815890221
65.9526532359194
290.485946832789
20.1549119152745
286.146756250518
168.678205899842
290.096041213509
177.492181921204
229.295525400072
319.394130255175
259.138155955434
190.823088346249
260.232887150683
189.178147541275
206.595632310665
236.739558169848
316.997957883334
45.5598412529136
275.938159977496
178.034610195088
264.511753978608
180.119888478896
338.125561649956
168.965753823019
0
0
~
210.338468607306
300.340884340359
262.320138004618
183.317377820648
303.526922739496
152.721427164732
314.205674056327
136.129459546165
337.84086333378
65.7710638093897
293.798193077495
23.2900508284423
289.343916183169
163.176229315091
289.520028675262
167.309437186812
229.735582874408
319.763971070728
258.672556437077
191.293221665349
259.97155703997
189.58103545696
200.56022523046
228.288897474861
317.547651929707
45.7759063814919
276.071558217752
178.24350168125
264.524190684632
180.645102299274
349.242418593762
175.322910824913
0
0
~
212.858028115223
237.139753670075
261.233203540355
182.844103905337
311.009917733997
144.374150605288
323.270290040476
126.777115624702
337.786099365035
65.6074797651566
295.598910450923
24.9372566023071
292.42368888392
158.895411695998
294.055406267301
156.593868108964
229.924527298264
319.932625914798
258.525471100402
191.437002920721
259.812359344948
189.81992200826
192.085309629855
214.000956762735
317.831837796542
45.8564287162707
276.168120811132
178.337500969718
264.520223344586
180.899829062738
356.266488663711
179.449711154477
0
0
~
214.343050188713
235.645913943645
259.77022345263
183.572924643129
315.15327796014
139.725747720237
330.057787791943
119.947167672845
337.819080149451
65.5481516985835
297.290045406922
26.3787354322863
299.457691707683
150.667184241008
292.02007534946
158.375914455419
229.853695609765
319.854772866353
258.503993620962
191.456529527393
259.748971681315
189.927326547157
188.544311983945
208.813027834438
317.821859255524
45.6754446449947
276.275644516193
178.347994922766
264.523843140083
181.009751546581
356.376360860929
179.281818659839
0
0
~
215.126828365435
234.852267591906
258.036845727855
185.554082731549
316.531529020734
137.791945921532
333.423553882822
116.576783959456
337.881457486633
65.5345163502047
298.429518976598
27.2953513928229
300.421882806957
149.627221295387
290.973791567426
159.861020474951
229.183234734548
220.81610787379
258.691046371356
191.27002464267
259.797795447966
189.907445080208
186.962589630847
206.504926826609
316.306768422699
43.7429884126295
276.727701359713
177.679042603933
264.538007556124
181.038400005728
353.358369323057
177.348076702955
0
0
~
215.362718107721
234.610387504562
255.916806662656
189.001058242689
316.774659999392
137.226531385308
334.522682583973
115.478097928455
338.003623742382
65.5998240997223
298.90288087625
27.6433030192395
298.49052544322
151.598925222861
290.337311870769
161.974206585471
228.228295903194
221.765882348135
259.01315374998
190.948884388448
259.990884641939
189.733683283923
200.204297858421
222.497251636604
315.26628595227
42.3702480990313
277.131615909683
177.104125417412
264.578797215818
180.964562837383
334.979598470101
174.68166038646
0
0
~
213.84762971437
236.144250644936
254.022701214707
192.60349307427
314.108948540996
140.271538361939
327.658466706942
122.375779801887
338.015447358058
65.6632563833912
298.545796807479
27.3323282751675
291.791779266124
158.991520561292
290.963240237559
161.548934147119
227.259767842179
222.730890847501
259.595123416143
190.367419369814
260.332532932864
189.393176709775
202.054900050172
228.169566989253
314.676994675683
41.5877683223437
277.448959964902
176.679977383247
264.704989398265
180.554291897225
328.201974563913
173.540182621355
0
0
~
211.516541908613
301.521795497948
254.891127003631
192.032860574859
304.214245546552
150.661238083654
308.884944904329
141.348153117932
337.120633304989
65.157057934619
292.058540240152
21.6407878002794
290.473454664274
161.088731251143
291.112050227901
160.075831910833
226.523744058592
223.473904504107
261.197342913601
188.757892683861
260.762740304138
188.935250808323
198.89125247576
232.204434932906
314.796237800999
41.8796990147788
277.90591226961
175.756126927497
275.142240956527
179.828669439811
324.998945579454
172.925829771369
0
0
~
207.419123066552
297.535832590211
255.983423685668
192.181179817496
293.582648585287
162.964426158488
300.133472813228
150.702831128567
335.672444305461
64.0673042438015
286.089246087102
163.911894491635
286.824834444122
166.489796253718
305.050991033886
144.955871091686
224.749126128483
314.764134069629
263.287451450913
186.623453614404
261.245287420316
188.387624510935
197.776183679464
238.158557888814
315.06772654193
42.5474424144101
278.183442628697
175.158925874533
275.08493700557
178.834880811396
323.824141861846
172.11934928597
0
0
~
202.103400182974
292.620998813451
253.9186965914
196.073895137887
288.588048942092
173.424778074677
288.780387299923
164.175534778851
331.352396130689
60.041351081309
279.900872334798
170.653719003702
284.765081981851
177.100265088846
285.745611094467
167.175440585541
222.403899195098
312.538391956756
264.710813030843
185.115708721612
262.008427035898
187.464398370034
197.182141510854
240.757186998933
314.131388975115
42.0648532273445
278.286443547565
174.919468199802
275.304362630534
177.450526624056
327.162115133477
171.055259639664
0
0
~
203.987074643541
294.997461478465
251.59870957582
342.146482134432
288.832291825962
177.774028658452
281.713181706607
176.023938174832
330.753340210978
60.2517518720796
277.860802602164
174.05924553857
250.383133157026
188.178070261317
249.542385876745
189.379170426035
223.239272921519
313.603009084581
265.268923941472
184.484207723421
263.031423502028
186.11284054067
198.624027589671
241.195303818931
313.394092307862
42.2471817159393
278.797864065914
173.96887004747
275.864760023731
175.939766597449
327.713638863005
170.54926966844
0
0
~
203.562515597019
295.325593561695
242.104211939157
334.22011702859
289.594283602298
176.626426000911
255.057936245939
187.902326083856
326.86219790813
56.7665772323335
277.526219247268
177.224322681339
244.87295800776
196.596186120733
233.344801396481
208.510216507756
222.302171038845
313.365056200111
266.98357357406
182.128853443271
263.560278230682
185.244400917959
199.978912648206
240.996139690974
310.839310492192
40.5577283527427
280.714188800592
171.02105073758
276.406772686308
174.835672477077
328.790749193179
169.845594741705
0
0
~
202.901928427525
295.461564588417
240.231939901413
332.574144021963
289.986902534908
176.276251572314
252.544281078278
185.366815874599
324.770798907208
54.7625870470465
278.061501872208
177.936034944257
240.315818289365
202.417408447398
232.344141262539
210.674049278101
221.248412258602
312.939024174633
267.332595618124
181.052629274895
263.79100904438
184.722970070683
200.675577687841
241.073161976584
310.392418616835
40.3221615311232
281.361326540843
170.154943681541
276.815416562307
174.158752725126
329.923446913375
169.122687400162
0
0
~
202.606760852511
295.674986766241
239.154236716977
331.603299233527
240.814991680927
204.8135496579
252.047434413329
191.025534571719
323.701538099569
126.299136757507
278.893125582446
178.818190701995
236.640834689722
207.198198900231
232.385448120857
213.033851509476
220.551968543651
312.727469308483
267.301729134847
180.602596798488
263.862762428614
184.439073732075
201.238284621172
241.479293808604
310.227756075559
40.2095019977934
281.519026835571
169.927098792885
277.10197018519
173.740167506242
330.584922717028
168.62083659137
0
0
~
201.997309551228
295.462554154268
237.820315785873
330.302733648389
237.333313322576
209.421504321907
249.962028423305
196.809757056685
323.421923964536
126.581937465219
279.296355668433
178.757531777252
232.432060436001
212.427336778101
216.640669789917
230.473019525899
220.255391309373
312.809922088459
267.21625553397
180.453807237962
263.865958771004
184.285901946559
201.343115382001
242.377766551793
310.174664802197
40.1705580395326
281.592962694212
169.811038464959
277.233479543974
173.550424861732
330.881889401583
168.332587638546
0
0
~
201.388262427595
295.239678445492
236.231886819135
328.524363969984
237.621700780991
209.429372109591
246.486658953978
201.629524099567
323.5682890853
126.435067751694
279.325888295426
178.21539721627
229.851095363752
215.443894456196
211.694091881081
235.985039648032
220.632236648429
313.62017332421
266.960855787764
180.769670729971
263.842848633652
184.209546243394
201.423390231151
243.349537814187
310.213882111873
40.2136233195924
281.53172857816
169.858548711964
277.291654048375
173.477597261067
330.713418851527
168.055059734339
0
0
~
201.135858696991
295.177088089695
234.121287838184
326.073069889476
240.595706191757
206.130415465575
242.485117842095
206.580039594629
324.755640461049
54.7555182914673
278.795450139594
176.838344765751
227.431094222726
217.859300973372
213.575849559458
235.152066491463
221.307894465282
314.663104793834
266.385233362331
181.691888547654
263.821255487518
184.178721619834
201.690497143987
243.868293610825
310.356242411334
139.644021817814
281.211333604808
170.164841572763
277.217492444754
173.636579804015
329.91237280168
167.945080728251
0
0
~
194.923655416551
287.991862694944
236.234521015714
327.345129860468
244.175504108998
202.28051811976
246.086637415574
202.020717071618
321.541636507382
51.4904819400203
277.249672073022
178.885341471903
235.912931200972
208.515310966792
220.48001499955
227.698802908507
219.913608026954
312.974781541817
265.495336888474
183.037078236641
263.725055150691
184.296207129877
202.605930728566
243.502516710178
309.429996983162
39.4294494956881
280.047170200602
171.447278238379
276.988417969675
174.10272466709
329.316930497769
167.749375702608
0
0
~
194.131009193899
286.461043123711
241.611768794933
332.007254991167
259.197134391423
186.06823555978
257.520918959391
181.364200170175
324.375358230532
54.1249355955091
277.223781395951
173.921239166162
238.51246365691
203.819713357011
226.315266768266
220.79792699319
218.95934577099
311.587347546389
264.883832822844
183.881622298447
263.363673316814
184.888238604218
204.475375829851
241.881828544598
309.516747642464
39.4913784687466
279.000466990255
172.609035193105
276.530878815398
175.031810921842
328.981541577941
167.329576457985
0
0
~
194.559857240052
286.166203415349
248.267520358668
338.382345998742
281.066131800856
171.729633952941
259.286788059651
180.366076073553
327.44740567098
56.9235064353249
279.928799870989
170.174094754594
246.742089291177
192.360180825335
238.396866745774
206.633373710333
219.040842691998
311.215143457549
264.132304293167
184.890476179244
263.024406283856
185.479564898593
206.047551287848
241.015109685871
311.010930575546
40.8932598245901
278.105837631472
173.701718898781
276.03554844849
176.250315460579
328.493645134498
166.938127184098
0
0
~
196.103807135417
287.05881614422
261.071986385062
188.915007854399
286.931598181852
176.840348934612
300.736647384596
174.697356875367
331.130563994257
60.2477901692316
282.712050326416
12.6659035232545
249.524835713044
186.615034341308
247.302904020013
191.978923857153
220.42462217817
312.034371321999
263.326549223118
185.795595381918
262.376210660001
186.56804306068
206.236425190012
240.843208473388
312.866298862398
42.535065354089
277.462566279599
174.75433815926
275.659816877522
177.595627646205
329.5338016599
167.495859399622
0
0
~
199.066130973685
289.453835961095
262.864603651534
186.923429720403
290.582819571485
177.649958682865
294.010118565598
177.132092805637
334.950456590406
63.6129541668165
285.650324859882
15.4500910358338
286.880699025646
175.609000646646
246.690865580724
189.206053593987
224.512006412204
315.263647367547
261.255296100842
188.275796518916
261.724220984553
187.526045994976
203.529998400647
243.42437450914
314.289050628725
43.5243262996175
276.75460680178
176.419395117383
275.5311251712
178.65548033179
330.733441681597
168.336140218269
0
0
~
202.449438280656
292.552925806469
262.648642812143
186.771221853728
293.813327396944
172.313805833584
296.230992573332
164.08997277757
336.702564790947
64.9385008741795
289.806554574471
19.5894816649591
288.097856714777
167.264577375794
289.479303022884
176.486149695784
226.725385751718
317.045704653715
259.486604047066
190.24275340969
261.299176814866
188.101694098941
200.26871682752
246.16181103473
315.380435780569
44.1433195419269
276.569572701928
177.441371759924
275.515993701453
179.633421267277
331.355211869316
168.779026929788
0
0
~
205.148433754674
295.172044228837
261.942567116251
186.148853811481
298.613688012312
162.614626928039
299.081448539426
155.023830497173
337.336829994207
65.3001131523781
292.567820678977
22.2893681195192
291.872584422891
161.064361184008
288.499334369379
168.799560416802
227.371482362658
317.546663894065
258.829757652548
190.952999887846
260.991723614238
188.496668585383
194.883536761649
242.549224724763
316.075610494107
44.5282895641843
276.63441717477
177.749565114697
264.437732397747
180.269371231736
355.804055121444
178.299326229957
0
0
~
206.86116329144
296.866474773738
260.679063898718
185.365424309879
301.2958827966
157.396020551275
312.625983110399
138.812542617223
337.751985780851
65.5542334837342
294.836104137843
24.3988366740909
296.673599613108
154.268940955973
290.927513772165
161.2592425591
227.663955590308
317.782016316094
258.577456945786
191.223055084618
260.807062312088
188.729713478276
190.718104577119
236.055925516491
316.482185330378
44.754365701923
276.709706979431
177.870818658585
264.407015890909
180.599894761265
353.90782677944
177.694942210735
0
0
~
207.928110856412
297.929249052245
259.360883046917
185.369297008805
306.663783589902
150.869134426692
321.829906627982
128.757974733649
338.141789649644
65.7956188704515
297.278043350536
26.5524238710919
299.430872537179
150.823515818964
289.34013809458
163.437670558942
227.67339511962
317.757510671523
258.523361885727
191.288691250141
260.70459507696
188.85887098446
185.246265737668
225.577267232886
316.702653112624
44.855603655303
276.768121510515
177.946365254269
264.400033919446
180.74402671305
356.534902828687
178.874324211704
0
0
~
209.12436525177
299.124500383762
256.708115591328
187.819782038395
309.9275265814
146.587763981921
325.453718048398
124.89169150165
338.576962946329
66.1287647518598
298.846133952763
27.8683188445901
298.921613580048
151.240748911621
291.243402792462
161.26639779275
227.353069743885
317.4089337512
258.701635682804
191.123956525594
260.658599918068
188.92023939258
183.428515874836
222.225243338064
316.734187407533
44.7167150707619
276.913633019245
177.845976182058
264.409377375703
180.783146967788
343.392448452606
175.859048408098
0
0
~
210.396101232862
239.603875258222
254.513622425538
190.401533807038
311.325326812573
144.490019325037
327.534319788633
122.704000060482
339.11363082445
66.6029598107729
299.517887323709
28.3905405618333
297.626949736817
152.57666319387
293.178632658314
159.281105511037
227.068762596501
317.092955492999
259.369861644373
190.475299888992
260.675552645899
188.911493806587
182.694582425357
221.172475429158
316.280168783483
43.8978182485547
277.416182930154
177.179037218303
264.465190765126
180.635787824195
347.854994294717
177.228610548098
0
0
~
210.307725607986
300.307814938972
254.507593496
190.403477423324
311.347367992005
144.299600277344
327.565123651475
122.629567447225
338.923391148737
66.383829427045
300.346999571744
29.3219004903017
294.21142662073
156.302923812256
293.539760910281
160.020306866601
226.83100830686
316.833070756908
261.040046538293
188.826299330898
260.851440975303
188.72523958176
187.730004688622
235.128312986076
315.400781077751
42.5764376553921
278.416572545721
175.698214014196
264.595854197782
180.006882735222
342.117243115218
174.449431045069
0
0
~
209.12819972186
299.134385449209
255.291542924717
189.755768115997
304.963082099102
150.79915334466
311.953977444082
138.338628378486
337.89386688633
65.4678022458373
294.499030694586
24.060352738743
292.048023067463
159.61689654284
294.701423369118
157.007675111383
226.197862151862
223.801999716616
262.601208105732
187.271622200702
261.48126733378
188.027649852562
191.257144484695
245.645894580859
315.108972826437
42.1294257205976
279.207110968481
174.817902635342
275.348169046672
178.820013117748
337.459465463846
171.667973644837
0
0
~
207.536076232926
297.578919795174
255.736016693749
190.932643734009
295.732512165259
161.909755901509
298.85272878173
151.714242700064
336.186483767209
64.1172202311711
288.518874943646
18.5062622697823
288.382795584024
164.982067995448
307.470621365439
142.995413623996
224.992638010983
314.99507283817
264.036052654716
185.806051937759
262.226187861288
187.138579544435
193.08363691447
248.211724062749
315.501916966599
42.7092477821609
279.52443195072
174.629795316914
275.614405333159
177.43334995729
334.644383066529
169.20743183384
0
0
~
205.748031390875
295.90981950531
256.121081242865
192.376367231661
289.14200919577
174.165193845648
297.857008225682
153.917586930521
332.641353044957
61.0227657253246
283.312797667771
166.821011124585
285.538793223393
174.161990198141
289.38544947349
163.311200188599
223.903419530328
313.947292023277
264.849415352554
184.979892883916
263.105520494814
185.91990407077
195.976853478174
249.128459579106
316.125550748887
43.7363982979814
279.589017268468
174.843555308562
276.102652739179
176.117275669516
333.766189270105
165.520674446161
0
0
~
205.063824449343
295.360900829456
252.256568187689
197.653053536076
287.698990766211
179.093657965925
292.84355995489
165.163257158941
329.713681970388
58.5460460521171
280.232266590103
170.332974357325
251.338998555983
185.772252793539
286.507584029772
175.057831797237
223.514026190958
313.653898974525
265.409659518264
184.37850293535
263.582755672708
185.058705116751
197.919348510901
249.21872210052
315.616937172967
43.749665113796
279.825628019437
174.539333552861
276.539258492406
175.128166002412
334.351359525237
161.624856211571
0
0
~
204.599704048235
295.025761089482
245.390583452391
336.27708140974
247.628854664294
192.040157433904
256.389710051919
183.296574257845
327.849037184449
57.058779015666
277.073531113939
175.264730436923
247.951876206991
191.929816940164
251.033370723868
184.62608878683
223.039547893419
313.366929024817
266.324992149534
183.270230492954
263.750446024171
184.597399906545
198.780783417368
249.117054705087
312.880444122516
41.6743260814023
280.614576769737
173.050510775116
277.117061151331
174.097323096791
335.293989709528
159.178197935444
0
0
~
204.065333686376
294.695698058201
238.763483588893
330.211527158922
254.20989030969
188.212350343955
267.037081194257
181.963711490138
326.317147369879
55.8492411838506
276.574464315519
177.816118993489
244.503157825337
197.611928516887
236.56950101316
208.130415574737
221.049447869347
311.79970655659
267.427307403389
181.405467823817
263.797449030028
184.310869313221
199.162572280967
249.089482868764
310.72389972157
40.1098233344496
281.56713716052
171.301454763651
277.619682980071
173.318185157678
336.540685468837
157.582695602834
0
0
~
203.096216690404
294.016276392931
234.991923740541
326.435446862612
272.615772505431
179.736413011284
273.636273080084
2.83121961162999
325.413773974798
55.1005999486337
276.938843726774
179.542156918078
239.955583860771
203.561318271947
228.490097535148
217.704174850784
219.564891029937
310.713976232204
267.563903065505
180.51953694668
263.821914849529
184.040347241761
199.851513380097
248.609968795013
309.652735007132
39.3025530485712
281.792891459369
170.742237245812
278.145848509833
172.651220039676
336.165111120577
157.6344572032
0
0
~
202.081485794007
293.309709808802
228.165144249789
319.454472059412
286.266239223997
15.4491422844391
287.140782962235
14.8835632067293
325.072082302568
54.8310303003995
261.652439543262
181.653136753278
235.721563237389
209.132456660603
225.973803185118
221.554293532741
214.453272213953
306.461374344448
273.324203985508
178.598376436266
263.824704206366
183.839948395025
201.048560312205
247.652214385455
309.75569172332
39.5478197156471
281.614966067402
170.738031319752
278.631221351779
172.10150145426
335.129978027156
158.328701287738
0
0
~
201.025835312365
292.52103034662
224.072660990603
315.237964872174
291.766476670676
20.3089541041963
297.251863361511
23.2294839607544
325.092575375475
54.8726859201917
261.020242247527
182.113635446079
225.794973746183
220.197097556293
231.973893534008
215.792801811516
213.445743318148
305.823295033602
273.681682245004
178.153099013202
263.802431788505
183.732593559239
202.550420519615
246.438194293679
309.708142759801
39.5596731679627
281.439964212166
170.779334125412
278.920519305092
171.796229275204
333.458999910159
159.418980525844
0
0
~
199.443541448694
291.23415742989
222.014217785813
313.103397379505
298.869301396048
25.6798788907977
308.974460042479
30.7525297544223
325.463956472614
55.2201416390405
260.943425937298
181.70308768892
224.505232944136
221.713489342535
220.577721952096
227.66919943938
213.97943727872
306.651972219108
273.695851038891
178.349913687247
263.770794152008
183.687014198578
203.904182654263
245.285269640414
309.657213741656
39.5391561720689
281.32142107575
170.754737919228
279.039311072395
171.699563520034
331.643857113134
160.985049301976
0
0
~
197.940308595517
289.974576414654
221.271571684868
312.291986578347
302.309699392467
28.1529013972978
310.881090736926
32.0956733979359
325.61020683683
55.3470734972322
261.433888182091
180.599254852661
224.390482187807
221.856466988936
211.256121254168
237.06171917057
216.710073204266
309.671839245654
273.499760742823
179.591852805634
263.74570529381
183.675996828926
204.621655521058
244.61774363046
309.377263533144
39.2844413833434
281.150180972575
170.669937712884
278.912560896679
171.956509848283
326.6592251744
164.210229389838
0
0
~
197.30604120293
289.326684429061
225.131044634907
315.899746564643
298.144353430809
21.7160694942409
297.850109500548
19.6049567342437
325.57797828196
55.2998577563573
277.398964149837
178.041862392928
229.170607802088
216.231538132305
205.759728810125
241.798260359223
219.382651958189
312.34901315426
266.035806670151
181.651278851382
263.72593652828
183.701750532998
206.059565537557
242.848340773105
309.067820287147
38.9891967217098
280.948467489419
170.565872129732
278.301286257756
172.919634340472
324.823731152496
165.430700552113
0
0
~
193.536117718926
285.139268013195
234.967982743185
325.398905709535
291.966577251315
8.59516827846346
289.280621798663
8.46908114253818
323.552764544793
52.9737607520259
275.860855076718
178.317705507765
234.900226602125
208.533717493659
214.407913958185
233.366967405134
218.540768367514
311.062045357485
265.106120862355
183.297584290243
263.722523447184
183.742011306248
208.204549944249
240.018327511661
308.903397155654
38.7590427487471
280.304627079673
171.136372366783
277.659510524483
174.160590757427
324.20859584307
165.855842429799
0
0
~
192.457803425381
283.514633677301
242.083095115645
332.367313999698
272.805704968822
1.15973084922637
263.274496270335
355.614961681594
325.924946917457
54.8986766592456
275.860794377148
174.729857774589
240.953146027259
200.658860152143
212.48812510134
234.772276307813
217.370154612052
309.315353223943
264.513636667243
184.194792137201
263.352325845767
184.440803211138
210.695388834779
237.096890611883
309.621547528185
39.2455621426122
279.131189888357
172.686119602085
277.279018946396
175.195428919739
324.48602316212
165.678929543953
0
0
~
193.13234363258
283.660716162411
252.738784464189
342.899064873973
252.341700974616
185.003607295242
250.769933762392
186.246633246288
330.613587683722
59.1272636728677
276.794503258242
173.221442746309
246.503011895836
192.165920438417
239.414021753956
206.197088556643
217.444175821245
308.726264556548
263.789803912046
185.311969723542
262.66833202925
185.532042784145
212.38470613245
235.229404316872
310.503767959886
39.6800828787678
278.397241226854
174.033983519532
276.785551186842
176.612103041266
325.299985489478
165.092771557827
0
0
~
194.261255499272
284.483150450631
262.910060726166
187.040114879055
249.003948389975
183.243429365244
298.395052365939
179.607082462626
334.037668338137
62.1068081072245
280.412949519408
10.385541049811
250.549800997013
186.603644089831
246.551430150704
196.619373835449
219.089977416109
309.838061779834
262.725180366077
186.667472721365
261.980940569769
186.616900509445
213.130222553441
233.534223794169
312.484048240368
41.1127689174195
277.752755882205
175.737414383746
276.387388829302
177.928221470355
325.6756719759
164.694518378473
0
0
~
198.475285183062
251.521176780646
261.806638581393
188.177404156194
291.504458774699
173.298690789103
294.976591739387
162.772708479818
335.033718403693
62.8175652504557
285.625406598765
15.568698309617
284.285416463134
175.782392064478
245.483421992776
195.159004326276
224.782930792541
314.956920065572
259.589099071377
190.219634024216
261.382725551397
187.545413416729
213.024873669291
232.383279355552
313.077031286197
41.0438056636025
277.419380635902
176.963579903961
276.142132055935
179.083130433386
325.414401862518
164.688080482173
0
0
~
201.663451648807
248.258664460561
262.752484750699
186.820855923999
298.642683537862
157.213931569601
303.23825458526
147.969616386138
335.146603796839
62.706545524823
291.216738516428
21.1250243268166
284.528207700895
170.499082200169
285.564681276474
178.214413753646
226.342320525954
316.385514735241
258.292821690308
191.589616426462
260.938645478991
188.229044908641
212.613248103638
232.282727818708
313.734230460794
41.2108929517345
277.288686221871
177.639403135124
276.069137006185
179.782068806477
333.801669471686
168.334566192013
0
0
~
203.988342643381
245.851559472979
262.755370029701
185.706079539085
303.108445229265
150.156970173459
315.708258364899
134.443356030382
335.491550749723
62.7934154443909
294.256652633577
24.0547168143908
288.277286639129
164.295602988441
286.87257753863
170.843937662367
226.866503455253
316.877984158105
257.905265683648
191.987922826241
260.639537703446
188.679389625443
211.915689665008
232.464915434506
314.160802155653
41.3685967547498
277.276662750379
177.907201082286
263.940249163068
180.151795631325
336.596595564751
170.325047927755
0
0
~
205.592296997641
244.186661350435
262.379232808759
185.16900898626
310.457454696953
141.823656165961
335.694341314022
65.4496434998261
336.047148214843
63.1597411309464
296.994071695405
26.5612751962797
291.926780255062
159.573118902528
297.829888379844
154.75049279738
227.001978514217
317.002789764088
257.78759792832
192.111912150642
260.477779512288
188.931068442501
201.429396829398
223.838902397761
314.390540487318
41.4368111537375
277.286939184761
178.029992981548
263.935376644094
180.345257446687
356.187716701059
179.09477164655
0
0
~
206.922345138684
242.820068547408
261.857591824348
185.148044400012
316.396610649723
135.913755636212
340.524145252779
70.051195523241
336.51470961145
63.45344055322
299.18864898794
28.4655202375067
299.586464898406
150.524650366991
296.391036378932
158.013898773968
226.643549171888
223.353600963755
257.874615384751
192.038869306042
260.416434664297
189.046474292655
193.411079689636
216.47562151758
314.529093771752
41.4577655825013
277.29433860198
178.056460733898
263.930604499828
180.441157383983
339.855426466467
178.132367795542
0
0
~
207.895885168247
241.842261089349
260.970801040384
185.932980538837
317.938318934327
134.484398293889
341.750408011688
71.5209628161404
336.922215394002
63.6884655811673
300.466232708293
29.5028174779008
300.718359931967
149.30736376194
296.524286950461
156.95287372544
226.070220825723
223.916350528751
258.086489381622
191.838924918293
260.438159492328
189.063253451695
187.883041982863
211.566411619508
314.528931788128
41.3294583424877
277.330827535609
177.938096153315
263.935484517781
180.484161234264
344.41369429836
178.094614374221
0
0
~
208.500777399212
241.256760323591
259.843750585635
187.389702027957
317.782457343503
134.782551021625
339.550637496792
69.5137566930884
337.41230251582
63.9840058047816
300.870815196055
29.7518963628074
299.1418729392
150.892784236593
295.461421562479
157.362084895723
225.5659682334
224.410364286796
258.406646655083
191.529250534808
260.553443132337
188.972232566503
184.292614256549
209.191227729674
314.191784443603
40.7478064268554
277.497629112446
177.513293461041
263.954431225522
180.461948121008
338.065734283407
175.560763772023
0
0
~
208.5406496351
241.298986703905
258.456712467166
189.293038699853
312.943867490037
140.115758538703
331.085344361678
119.01685354513
337.575210035725
64.1180232865496
300.502158353868
29.322578567315
290.668453777298
159.984450155102
293.347962973437
160.950594466873
225.296516836317
224.675122338791
259.055251278463
190.887836728369
260.704557312203
188.825286129177
189.962471256593
229.303279417715
313.652230251463
39.8580529434329
277.883290181886
176.785935499315
264.01202045648
180.201534981721
332.347378359001
173.092760985566
0
0
~
207.326901666931
242.638903022639
258.888826671356
188.61031562349
302.33698141824
151.641965805433
307.388319061224
143.522570882892
337.351316486341
64.2378294869905
291.073550024477
20.5389579685384
289.514076716701
162.540301371209
290.755790070757
160.4317656509
224.457577284699
225.526761466706
260.891338799434
189.041981413995
261.008086977549
188.479779560377
191.26549847062
239.777196077496
314.097889776961
40.2377093667328
278.434538929767
175.952642305967
275.896786224103
179.487323889239
329.473980704175
171.093463654312
0
0
~
204.270610172761
294.300755281987
257.299947933911
191.795302206094
290.204203820181
166.346820222979
293.48064432544
158.269580544213
333.579835840503
61.3474914836294
283.000490587518
167.003834826656
283.583367486538
176.240963450548
282.814590350441
170.79052646538
223.245203987559
313.256950890997
263.811541325677
186.024231166544
261.54618938854
187.778125382168
195.640941622616
248.111173686445
315.160918586183
41.807159843937
278.820268509471
175.369589548116
276.08147251076
177.882617461024
328.906308820181
168.71408161774
0
0
~
202.763254989212
292.909607679617
255.702065303336
194.233283591221
286.627748771923
176.913199364434
286.643054022714
166.985816585997
330.905374238582
59.1805432724963
279.888035862323
170.250241546049
249.438850059482
190.793101999939
250.544634547358
190.41358232775
223.161615345513
313.232813409375
264.501041278516
185.327240432484
262.003763541067
187.044425149812
196.748402232157
248.939278013085
315.361469237422
42.4432984946138
278.958632218464
175.187697570916
276.300014744096
176.944179540481
332.088365684687
168.465101739628
0
0
~
202.262328122973
292.5195671132
248.399375043984
338.920277101246
256.181189601354
185.734280879824
246.852420359668
180.64084073561
330.338833531754
59.052312527249
275.190893341615
175.532458969701
245.650985391091
195.159785232098
231.890905732711
211.355042454515
220.673879131233
311.143555781796
266.293934614991
183.055613245433
262.318845649753
186.374799909256
200.563195783115
247.797514585392
314.773487928432
42.8159941038699
279.59914952488
174.00869341055
276.521614931377
176.04500182321
335.407397809622
165.255715070783
0
0
~
201.687717184052
292.090998182534
241.529887043915
333.092382028862
254.602314678781
191.036986171103
248.422831119495
186.890633965221
329.506278816233
58.5449504084834
274.218997130215
176.774090519179
239.015288588206
201.699022649356
222.106355726828
221.902437277387
219.319337338742
310.21821063158
266.993048251192
181.863968885481
262.582198289577
185.692800429524
205.047097984981
244.632737753417
313.158021253289
41.8330868860273
280.380803601615
172.716276583692
276.785433624591
175.327274398657
337.598051949896
163.561279655526
0
0
~
201.31384237025
291.848557556887
235.983170874178
327.799527743271
259.865742171202
188.607522321104
250.155620726689
192.328087441564
328.477245729182
57.7449092013281
274.934447500018
175.674404442248
229.826452735484
210.110705169274
223.425714333066
221.651599788168
218.831843923098
310.031312404664
267.147405159802
181.54329348412
262.783539654111
185.125206790786
207.506677198081
242.405568963176
311.777194899713
40.8026907677364
280.720927018826
172.108067597224
277.196736910253
174.621673560264
339.422887536333
162.138421825944
0
0
~
201.049475652105
291.697043722898
231.321927688557
322.979566542438
266.287523831585
358.656416265307
264.465141755492
359.677847135563
328.028069481982
57.4083184779493
276.125432109955
174.25957953898
226.64340244228
211.290180233045
214.482365034553
223.952837019001
218.516883218841
309.934268132348
267.182060400272
181.418258995874
262.896204181937
184.770315318973
209.112251426052
240.829746668899
311.110518473377
40.3124018149651
280.789694050281
171.903147624396
277.54946397216
174.111439591219
340.637199770332
161.267490670317
0
0
~
200.84541738572
291.58204410608
228.327111091463
319.727924126132
279.880250819612
4.21363662076925
293.806849764988
11.1216158010308
327.91606914633
57.3383276702823
279.328391873781
170.935245631912
223.645243258511
203.939180916434
207.054780334506
212.690299190257
218.316609171735
309.866263398512
267.172147165423
181.395878787781
262.964129601088
184.568337225742
210.487308069767
239.418958105387
310.813723520058
40.099635526028
280.739398867388
171.864225912611
277.77620196866
173.816379961504
341.606757213645
160.74151492473
0
0
~
200.544436171559
291.377842969127
226.698958802352
317.870297017973
243.207357480695
205.142702656358
246.081458090805
203.852490501471
328.012675200826
57.4114266915751
285.78914616331
164.437033557121
220.645281347825
191.335884036099
205.881969682797
196.378991347663
218.267373194294
309.91134281722
267.11685640951
181.444572046555
262.998567502829
184.472145438379
211.52659744986
238.230208199809
310.680215959988
40.0082170299098
280.734659074691
171.798809862882
277.864319843791
173.708178208944
342.311532507296
160.466144970399
0
0
~
196.284264299373
287.751539102983
225.977333688906
316.95590626928
238.938774085092
208.789434414379
246.251163470579
202.631036888374
327.564330344177
56.0878865319109
294.846068287827
155.385426940408
317.254717047524
179.626705313975
200.316767518327
186.225789984894
218.287653493698
309.990634443484
266.71616082628
181.935215476323
263.130284783778
184.338639900522
214.445682016893
235.049541778769
310.517432341336
39.8199557095486
280.720822200845
171.794089788897
277.856936547039
173.78964997863
343.658690698943
162.297123291907
0
0
~
189.785840688129
281.695800176129
228.704285085015
319.33342093185
243.279163802277
203.774414002152
250.319043538601
198.334968368153
329.435689943953
56.6607266125646
298.441146371727
151.898174866576
316.649596351864
171.443249555825
343.650158417785
179.250131981421
217.502120646585
309.13888863469
266.032628743897
182.807691396375
263.236017126049
184.269421710674
217.605631807314
231.744038244447
310.082249190249
39.1609306610352
280.654184999264
172.004310345059
277.696314184013
174.150015152257
347.656782969629
160.272935960306
0
0
~
188.971455183213
280.298511422603
236.924041243306
327.261487731501
278.247746798143
172.206553546948
238.288795252659
328.292690176443
332.02026112436
59.5567805608482
299.714315258518
151.008414752634
321.032944368619
163.962441384327
344.105847170364
168.231605447454
217.853578597852
309.286508733343
264.653623629538
184.558170245815
263.280215356481
184.284669952694
219.322881134859
229.975420770953
310.467424157665
38.9413799858835
280.291740605321
172.870600151019
277.431004856202
174.772470223737
350.178509564788
158.660766655118
0
0
~
191.196583575013
281.477374185534
242.289967016525
332.766077492164
280.115406710131
170.02303854528
276.778220512634
178.946656173558
335.767277792808
64.0189429912154
298.676830671685
152.416129456703
322.99511667759
160.755354126204
348.584507249518
151.473682700657
219.428122002714
310.592516962895
263.20672130377
186.208143732727
262.787855544807
185.190178673974
220.233550156451
228.947303061014
311.486348959598
39.1515366050326
279.749415690571
174.123073588772
277.025688902673
175.710313666164
351.419311344067
157.727711848767
0
0
~
195.657370815554
254.331484386199
247.887381402559
338.480674876525
282.107666365933
174.230436649318
291.950076386215
164.925673851277
336.386462822132
65.1390316315898
299.493197368151
152.073293523323
324.679155123148
156.396689071835
349.105190646234
155.589106599822
220.472668077889
311.453950467313
261.822566021642
187.695806279445
261.846001969867
186.573935978639
220.503239364676
228.467796552409
312.296995785302
39.290809493445
279.298840932481
175.116903856805
276.583011234128
176.901184013904
357.37361434051
170.889224558081
0
0
~
198.682501018936
251.24571634714
251.556102481733
341.846390123187
287.217358303613
168.126366648149
287.551240039449
167.89318906511
338.112696919689
67.4686310899157
297.575664974839
154.228727602899
323.90276827936
154.631004211894
341.052144083939
155.061992098449
221.114067868104
311.968712834319
260.023675091212
189.645625212162
261.193845677839
187.489908355684
220.191670751827
228.386286717424
315.052146809666
41.935247900479
278.254799253583
177.042562605543
276.163264054244
178.384787765955
351.131880795369
177.479513404103
0
0
~
201.808097624982
248.123258386886
255.857191957621
345.869617692634
291.95534127815
161.590675866994
304.635100712957
145.766180755764
337.211003653605
66.5872012245946
299.063205802793
153.27769740438
321.036985617952
154.844462559158
334.720053645435
155.916877779932
222.193047512617
312.853100006655
258.485010528477
191.301052385063
260.629799425795
188.293295077851
219.734733572031
228.65330527314
316.297263935721
42.7692375075066
278.028937261933
177.503939686271
264.057970808431
180.030159561073
352.939163627504
179.864945134075
0
0
~
204.335304297411
245.613524439914
259.658047981574
190.256710026853
296.298391349523
156.107047411238
315.449607291065
134.722626739055
336.670782920962
65.9094739385879
301.677685227503
151.354345417726
317.537189297263
156.314179747745
333.654623377359
155.820582892706
223.138802448705
313.589933469268
257.77941272126
192.078778127256
259.994375484659
189.137257554181
219.375469277345
228.928510849961
316.919822675838
42.8304066813677
278.072543325514
177.518204583684
263.979508018026
181.1499737076
350.759312704422
178.513930601792
0
0
~
206.031218302152
243.942442248758
261.752752577916
187.974940273299
299.320103415057
152.593702305141
312.103536128809
138.037154447729
335.950345716853
65.1009833658066
303.877678809879
150.21001779479
312.972441008572
158.177642783559
348.661416166124
157.092063109737
223.511788663668
313.818655306019
258.99028395797
190.848116971009
258.271369437235
191.166913791643
218.874883309045
229.330925592821
317.164163696397
42.4484799801237
278.099732376811
177.677661868408
263.858064700403
181.726512877542
341.471000350027
174.840719661961
0
0
~
206.291217360069
243.704853312956
261.109475197305
188.691480285745
302.367348221421
149.324073128781
309.014631571972
141.06762280991
335.060680208738
64.1109829358962
304.020356020541
150.537794578396
310.522869779252
159.11078999377
8.5905861717376
160.245077510408
223.219014978286
313.458041309939
260.597999578199
189.191761010354
256.432006836369
193.194126907908
217.971123763769
229.925089809972
317.13310282764
41.8047256103246
278.087473735756
177.935399365546
263.775765538098
182.009413270092
333.602080582724
172.437156335861
0
0
~
206.158760273676
296.158760632133
260.172329427657
189.732630509229
303.189562522721
148.435647099346
306.892097292117
143.174117801502
333.933233631537
62.9282542212459
303.738540755436
151.120987228838
308.94224119294
159.764150494056
305.67206505915
160.403775693357
222.572282146479
312.783161363389
261.284119025737
188.504096611953
255.55111321678
194.138655367304
215.54097783776
229.858086392308
317.028373956581
41.1804850212338
278.034783491624
178.262336418094
263.727594364615
182.112613926985
329.02159213385
171.942813893611
0
0
~
205.923836923788
295.923839886332
258.013206570962
191.978614588227
299.088195373002
152.653836300359
300.860627624389
149.418945284088
333.030405097526
62.0462542372332
303.138528480338
151.822111937621
307.996013070713
160.147965761026
301.715107260034
161.209705224777
221.825395984489
312.038874312932
261.459901164208
188.353049203412
255.299401707375
194.408564655227
207.442384154089
223.033988337236
316.905289286369
40.743150732969
277.897671446083
178.583276556134
263.707095580755
182.15836595373
343.642019846721
175.891528857453
0
0
~
205.512653610965
244.487300520841
255.187907651917
345.192636823635
288.878559761242
163.212520229511
306.598177443012
143.69577160264
332.328247340581
61.4065401285937
302.570015902722
152.349440210343
307.339311695911
160.423225933092
303.521673980725
160.40519520549
221.097127031068
311.343844179636
261.479896578723
188.353256936825
255.284606132722
194.426394011091
201.435701597056
218.639641129796
316.775741325805
40.6408406166135
277.715476276785
178.721186890938
263.689884530449
182.33505224273
337.75315178077
176.230050295629
0
0
~
204.836371588657
294.836581930652
250.716210158599
340.740384532294
282.620536451734
169.488667690895
266.285566044658
357.559805343687
331.921760420205
61.0227354575322
302.027186763366
152.742905642781
306.788226727537
160.640301511622
308.531437824853
158.862195615177
220.509492069153
310.809591965382
261.555568005676
188.276239099408
255.242684224928
194.480982763796
198.240790861919
217.286635599156
316.635833484001
40.6922437008875
277.63166280189
178.488641247647
263.648321896682
182.719783863666
329.781211287017
176.208149628521
0
0
~
204.111022623048
294.118958900534
245.961822478804
336.001541244333
277.574500901608
174.168527990781
271.538142229397
0.0154082021007641
331.702251348021
60.7579160943036
301.437427971063
153.122325912723
306.183238686994
160.766955668715
312.841573254394
157.547815694986
220.083818054638
310.446758796576
261.651892477529
188.166955623993
255.166539953152
194.573302841661
197.375759147554
219.009448639256
316.488722776677
40.7719777418229
277.584412689451
178.188110663256
263.604160778697
183.066113911365
324.470592712282
176.177111730721
0
0
~
202.744223115308
292.801131086771
242.692121466826
332.761765013064
273.982102759262
177.686966557043
276.690544354388
6.68710880875988
332.330346817507
61.1188496591398
300.937244427308
153.363869946648
305.514242310872
160.881332459682
316.54829097114
156.349539995657
219.779485531675
310.225693665394
261.7279792153
188.074742823718
255.095863184397
194.656424008368
204.681860710014
236.663302199398
316.248572195572
40.7803853397984
277.615223361854
177.741537364451
263.568555065888
183.419734734811
321.674099754931
176.274736778629
0
0
~
201.90272958354
291.981239617262
240.655582233837
330.787740122069
272.359657323086
179.484471550411
279.449104279713
170.555361602067
332.429301008263
61.0741212085245
300.546978941327
153.518386753147
304.880895721338
160.896678773086
319.675282771749
155.275168227035
219.556145113069
310.124146271227
261.791353281151
187.996977527234
255.037524310363
194.723052094169
204.84791346286
240.858562345134
315.749944365755
40.6272937486663
277.529508413492
177.273986887911
263.548818415224
183.644312088276
320.31164946994
176.437224898401
0
0
~
201.421629835412
291.48409249387
239.250821195192
329.46640975406
268.384984602247
180.024557214598
279.453084156132
170.551937880339
332.221219035224
60.8094665209219
300.187075732674
153.685015170805
304.451851626006
160.676548507562
322.131485080774
154.438691119351
219.244364656997
310.018945832291
260.09610328695
189.66966565725
256.506425470929
193.276308826715
196.737019001953
245.398149983352
315.000392367296
40.2956269894858
277.310927085145
176.668312771198
263.553588996612
183.748879284654
319.546433313536
176.522557560561
0
0
~
201.163989637493
291.20600731999
238.290998677453
328.611809667244
271.120086154476
179.906758915395
279.268728850711
170.736837983568
331.987635686459
60.5120912248557
299.947272657748
153.741712469459
304.128243021166
160.363341252941
323.794274018477
153.896892895886
218.807055279421
309.834207794009
259.29533051279
190.468399665184
257.316651359066
192.474446726945
163.034739545823
221.180777626742
314.616486006067
40.1388931911072
277.175283529144
176.084312598705
263.582079278364
183.792528838113
329.764353089419
178.16586888357
0
0
~
201.041966773685
291.073172271493
237.846557233795
328.297281511802
271.041716777148
179.623457476788
278.883025806227
8.88290602849669
331.824122145466
60.3060931091466
299.77260126439
153.687874407679
303.827668559152
159.982555379374
324.911661734021
153.54852233849
218.349313758301
309.611959194968
259.378482606624
190.403358820115
257.473377656535
192.319632654296
149.647933229209
204.458141493267
314.59677695843
40.1774942758995
277.098650229725
175.691631899739
263.694965630032
183.730781702784
330.904426097529
178.510496170913
0
0
~
200.981172505113
291.00814701643
237.700605821086
328.280014620573
271.695198379369
178.86369022188
278.506324298687
8.4674491364731
331.667405211747
60.1410874397503
299.727662680784
153.492858890999
303.557072247199
159.582895699873
325.668398823519
153.31766704352
217.907485954317
309.343244402346
259.72400962971
190.087755975181
257.471827631959
192.323721537362
146.703461288293
199.929486778021
314.796999815391
40.3292238249557
277.000605002927
175.53427016919
263.912647606525
183.537833268847
329.11720672789
178.489938577107
0
0
~
201.070797114352
291.108574718339
237.69896705373
328.391210218297
272.863697772893
177.686054953061
279.622016932936
9.55892176646799
331.635460494322
60.0723119971653
299.772371747705
153.259781482694
303.311475782945
159.160984572178
326.167760578207
153.188432846629
217.612641902392
309.19439409139
260.146245422432
189.69636685112
257.388755335459
192.410734783731
144.983259295311
194.965309255846
315.037385477471
40.525850416665
276.904244113643
175.428283937769
264.139062722005
183.336697463489
326.265739858282
177.815031788994
0
0
~
201.108542810042
291.157061181922
237.758999203771
328.547607304447
274.113023754122
176.431818507921
280.817372879305
10.7340328421367
331.590930885767
60.0348155227033
299.859652752993
153.010233229212
303.096095258921
158.753048674316
326.468169268465
153.121407830106
217.443529136362
309.107389951669
260.561145863451
189.316949637766
257.247882206965
192.552796696077
144.464270291783
189.515170822911
315.234995996911
40.6753295865971
276.826217918942
175.363318592998
264.395459201884
183.12153962004
323.904685615435
176.911677219244
0
0
~
200.032196069135
290.109752442309
237.957979058025
328.845940891979
275.145806016476
175.367431349747
281.559007353609
11.4691648623834
331.988180598112
60.3149565292562
299.967893084239
152.756167719264
302.869009143925
158.388925365247
326.66149401045
153.079601520468
217.251058604131
308.900462404152
260.685150520215
189.224630357891
257.377459216827
192.435946344267
144.428008058504
185.455147791639
315.341480092697
40.7158583126805
276.732335678143
175.38598299093
264.675900889853
182.870796802705
322.031245165026
176.059723504568
0
0
~
198.762077268429
288.855717472854
238.269841605827
329.266361601502
275.828026068099
174.643281245209
281.783440960377
11.6940913276827
332.341672039303
60.5862774806258
300.080768551481
152.49645763533
302.670376017782
158.091571675907
326.770649242737
153.041406697
217.074370173157
308.690038769942
260.677713798856
189.253287091131
257.552014380897
192.275554632469
144.975243793098
182.565578027826
315.362721285481
40.6664739050234
276.643774449994
175.466867813046
264.991929243687
182.5959986831
320.998358080375
175.322646148664
0
0
~
----